cospi13_16 7568
cospi13_32 5793
cospi13_48 3135
sinpi13_4 7606
halfbtf_5793_8 11
roundshift_96784_13 12
fdct4 11 2 -3 5
fadst4 10 6 -1 6
fwd2d_dct: 168 22 -4 31 -5 14 32 -11 -40 21 -4 30 -2 33 13 -2
fwd2d_adst: 150 61 8 39 47 19 39 -1 -22 13 -1 32 -11 31 23 8
fwd2d_ones: 31 0 0 0 0 0 0 0 0 0 0 0 0 0 0 0
idct4 106 97 73 8
iadst4 59 100 105 37
fdct8: 290 173 154 222 191 22 -163 70
fadst8: 165 97 67 173 296 275 -2 146
idct8: 342 31 41 -21 153 577 371 206
iadst8: 216 171 33 -37 -77 498 484 295
fwd2d8_dct: 2755 -122 52 15 -31 19 89 -343 -216 -108 -129 86 -53 -96 -70 -368 -62 134 -211 207 -86 148 286 -61 -26 -77 -164 189 121 -270 508 -375 -21 -11 -11 -109 211 -162 -279 318 -71 -100 -162 -140 163 183 -400 -764 132 11 68 -59 -361 319 -60 -84 -123 35 -341 -14 -332 -464 -499 -130
fwd2d8_adst: 2350 666 575 342 258 270 382 158 718 64 175 97 137 113 -5 -319 348 230 9 194 -184 188 85 75 306 116 -236 224 23 -358 737 -151 232 82 -32 64 264 -325 -56 483 159 45 -188 -273 338 158 217 -498 327 -8 104 -20 -231 307 437 -73 161 276 -145 181 -40 -52 -351 -681
inv2d8_dct_onto_vpred: 27 20 27 36 36 47 54 51 17 20 22 31 36 42 55 52 22 27 24 32 35 51 39 54 20 18 25 34 36 22 49 65 20 29 24 38 42 28 45 45 18 27 27 36 48 45 60 53 21 22 18 27 44 41 45 69 14 19 34 30 36 39 50 62
inv2d8_adst_onto_vpred: 11 23 15 28 32 35 38 47 11 14 16 31 34 39 36 52 10 20 22 23 35 36 42 45 13 14 25 24 26 28 34 51 16 11 28 26 35 30 54 29 10 19 19 21 24 42 36 60 10 25 13 22 25 41 23 39 9 18 21 21 33 47 33 28
fdct16: 364 248 203 88 215 130 235 303 110 41 280 -304 -192 51 53 36
fadst16: 192 142 163 22 125 39 107 307 254 126 576 124 -57 72 119 148
idct16: 427 201 152 -56 32 128 -70 -76 126 366 316 600 712 40 251 243
iadst16: 193 225 250 126 -43 130 7 -180 -116 178 229 480 851 188 319 335
fwd2d16_dct: 7 301 -3728 -590 -257 180 -467 -473 83 115 -266 -134 266 -192 211 -112 -322 -3655 -642 2503 -1360 37 188 555 -267 -124 311 -23 7 -246 97 -110 -185 -780 1809 -1149 -331 1234 -690 66 -76 97 30 -298 -6 349 -109 101 -240 -400 306 -535 1002 -446 -440 501 -83 -64 -261 480 -43 -129 -231 241 53 -302 498 -168 51 -463 588 -277 -308 555 -87 -4 -385 339 55 -256 71 -327 219 -248 350 -235 12 111 203 -219 -311 296 16 -44 -59 207 59 -174 394 -330 -9 -65 371 -245 -103 139 -24 71 -91 68 -58 -14 -172 2 215 -370 367 -108 44 -280 206 45 -75 145 -113 -65 113 -102 -128 118 -47 -163 439 -411 195 19 1 -181 217 -179 -42 258 -148 26 88 -140 18 162 -156 -128 296 -334 311 -163 168 -221 89 88 -271 298 243 -218 83 -25 -142 277 -175 -170 474 -390 49 73 115 -191 86 -46 -35 -85 102 -78 195 -199 5 377 -423 -117 482 -382 161 -190 522 -557 -89 129 -39 -135 249 -195 43 27 -191 356 -100 -413 811 -683 -37 435 -91 29 122 -26 -219 103 253 -408 284 -51 -71 94 -42 -234 532 -442 137 -41 -257 214 111 -125 -44 -95 536 -686 231 379 -733 555 12 -247 -201 108 184 -147 -95 17 330 -439 164 -21 266 -514 355 439 -1171 913
fwd2d16_adst: -331 3494 -878 -1629 -346 54 -193 -916 -339 3 -462 -531 -105 -370 -93 -242 987 -505 -3839 1203 -740 -1091 -370 -119 -298 -485 -173 -215 100 -597 -50 -380 456 -1061 -340 520 -1729 670 -202 -189 -208 -207 333 -529 -223 -76 53 -126 133 -655 -550 -465 -258 574 -994 164 120 -291 -322 -107 244 -148 -376 73 183 -638 -251 70 -282 -154 -58 89 -655 158 132 15 -349 42 109 -236 300 -580 -373 -169 -10 3 -484 108 33 43 -364 20 -63 -58 -145 42 390 -629 -36 17 -332 -156 -47 180 -298 98 -207 35 -121 58 -138 -9 145 -603 137 -277 -209 88 -46 -173 -232 264 -390 253 -42 -209 66 -101 -99 -301 43 -557 302 -176 -159 190 -244 38 -164 139 -284 85 59 -122 12 -345 -137 -116 124 -431 207 -126 -165 59 23 -19 -311 325 -397 143 367 -394 -74 -16 -308 110 97 -617 441 -12 -362 204 -159 233 -429 156 279 -510 -38 -125 -40 -73 -188 193 71 -475 191 138 -406 -7 475 -372 120 -280 -42 -373 279 -127 -287 328 -413 97 220 -646 632 -183 -431 244 -17 -419 188 -144 -187 -146 178 -58 -362 278 17 -459 652 -706 360 -134 319 -210 -339 -107 148 -77 -178 -191 466 -364 -249 547 -387 -489 860 -443 -56 -325 67 -142 -69 -265 407 -487 250 -321 348 -367 -101 653 -839 297
inv2d16_dct_onto_vpred: 11 16 20 24 29 37 39 45 50 55 59 68 70 76 78 77 12 18 19 24 28 36 39 45 50 55 58 66 68 76 70 89 10 20 22 24 32 36 41 44 50 54 63 67 72 75 81 89 8 14 23 25 31 35 40 47 50 54 60 65 72 74 77 84 11 15 20 24 29 35 40 46 48 55 61 66 68 72 81 87 10 14 23 28 30 38 38 46 49 55 59 67 70 76 80 84 11 15 19 25 29 36 43 45 54 56 62 68 67 74 81 86 11 15 22 26 31 39 37 39 50 52 59 65 69 75 79 84 10 16 20 25 29 36 41 45 57 57 59 67 69 75 79 85 13 18 23 27 37 58 32 45 47 63 60 64 71 75 79 86 11 18 26 24 45 21 19 45 45 54 63 71 66 75 77 83 10 15 18 25 24 22 41 43 49 56 53 77 76 77 81 88 10 14 21 20 27 33 34 46 48 57 52 60 72 74 81 84 10 12 18 22 33 31 41 44 50 57 61 66 73 73 80 84 12 16 20 24 31 31 39 46 50 56 59 62 72 78 82 85 10 14 16 25 31 31 39 46 48 56 60 64 69 77 79 84
inv2d16_adst_onto_vpred: 11 15 22 23 35 39 40 44 49 57 60 64 69 74 82 87 10 14 19 25 27 40 41 46 50 55 61 68 71 75 81 85 11 15 20 25 27 34 42 43 52 53 58 65 68 75 81 85 11 15 20 26 28 36 40 48 51 57 58 66 72 77 82 82 9 18 21 22 29 34 42 44 50 53 60 64 68 73 82 86 10 15 20 26 29 36 38 48 52 57 60 65 70 78 80 81 10 14 22 24 30 35 38 43 53 53 63 61 65 76 84 89 8 17 18 26 29 38 38 47 49 59 58 73 61 81 79 66 8 17 21 26 27 36 39 47 49 53 58 70 69 79 52 84 12 15 20 25 30 37 40 45 50 56 65 64 72 70 80 96 8 15 21 26 31 32 39 44 50 58 58 66 69 72 76 86 11 15 18 27 29 35 40 44 51 58 61 65 71 71 81 90 11 17 23 25 28 34 41 45 51 56 60 66 68 73 77 87 11 15 18 26 28 34 39 45 53 56 60 63 70 76 79 87 9 19 28 22 30 33 41 49 49 56 60 64 71 73 79 87 9 20 5 20 30 33 40 44 48 55 60 63 69 73 77 87
qscan16: 0 1 16 32 17 2 3 18 33 48 64 49 34 19 4 5 20 35 50 65 80 96 81 66 51 36 21 6 7 22 37 52 67 82 97 112 128 113 98 83 68 53 38 23 8 9 24 39 54 69 84 99 114 129 144 160 145 130 115 100 85 70 55 40 25 10 11 26 41 56 71 86 101 116 131 146 161 176 192 177 162 147 132 117 102 87 72 57 42 27 12 13 28 43 58 73 88 103 118 133 148 163 178 193 208 224 209 194 179 164 149 134 119 104 89 74 59 44 29 14 15 30 45 60 75 90 105 120 135 150 165 180 195 210 225 240 241 226 211 196 181 166 151 136 121 106 91 76 61 46 31 47 62 77 92 107 122 137 152 167 182 197 212 227 242 243 228 213 198 183 168 153 138 123 108 93 78 63 79 94 109 124 139 154 169 184 199 214 229 244 245 230 215 200 185 170 155 140 125 110 95 111 126 141 156 171 186 201 216 231 246 247 232 217 202 187 172 157 142 127 143 158 173 188 203 218 233 248 249 234 219 204 189 174 159 175 190 205 220 235 250 251 236 221 206 191 207 222 237 252 253 238 223 239 254 255
gen_inv_range_16x16_dct: 16 16 16 16 16 16 16 16
gen_inv_range_16x16_adst: 16 16 16 16 16 16 16 16 16 16
gen_inv_range_32x32_dct: 16 16 16 16 16 16 16 16 16 16
gen_inv_range_32x32_adst: 16 16 16 16 16 16 16 16 16 16
gen_inv_range_64x64_dct: 16 16 16 16 16 16 16 16 16 16 16 16
fdct32: 506 277 261 268 104 214 115 26 291 218 103 114 222 443 171 203 173 159 -308 442 342 -132 -210 -417 -231 222 -297 233 124 -16 -126 253
fadst32: 295 149 138 223 71 169 129 -84 119 173 78 -6 -19 322 209 255 287 465 -238 302 646 422 352 -19 -213 305 -244 125 218 172 -94 297
idct32: 559 209 287 268 58 151 26 -124 -26 129 115 74 16 -169 15 -133 -1 439 83 488 266 493 273 826 688 804 -35 -190 628 67 169 331
iadst32: 219 264 101 349 196 209 240 64 -99 35 90 115 98 -91 -129 -113 -398 247 -85 285 174 389 195 696 777 946 261 -185 704 178 246 417
fwd2d32_dct: -14 90 134 -303 11 31 -249 -110 -22 86 -28 -251 -27 -64 25 47 -75 -75 17 -14 70 -145 1 -98 57 -30 -40 7 15 13 -94 63 -566 694 -2205 -2095 749 -758 205 -266 -19 59 -139 17 100 -17 -89 -65 30 -85 -12 60 -60 123 -115 118 -19 8 18 -75 117 -120 -59 83 -757 -846 -2072 2130 650 248 97 286 -116 -131 91 60 182 -7 -94 31 17 134 77 -130 -33 17 136 -115 -32 37 47 -20 -43 166 -124 39 247 -506 1186 682 -394 -1504 23 53 -216 191 -84 -32 -204 -22 96 -32 42 -56 66 -65 -24 144 -26 -2 -30 58 96 -199 38 62 34 -77 -271 -42 -673 117 -780 182 1013 83 39 -23 290 -131 16 81 147 88 -194 -27 -3 119 18 -48 -41 20 19 17 30 33 -100 136 -82 51 208 -93 139 160 140 622 -36 -541 -640 245 -260 129 -67 -12 -86 -147 144 -27 65 -33 -23 -79 -76 125 -11 -179 52 20 26 -103 31 44 -37 -166 -92 -97 -182 -295 -60 -344 859 275 88 -83 176 18 -155 57 98 176 -206 -46 35 65 -30 78 44 -143 9 125 -49 -4 -28 76 -195 14 185 263 -120 332 -124 179 46 -144 -650 -1 13 39 106 -105 100 -145 0 -4 93 25 -163 -12 38 8 22 -1 -79 5 1 -60 -93 -138 -6 -194 -120 8 132 -236 65 -194 321 460 -35 -39 27 104 -132 37 75 81 -21 -22 -27 -51 112 -37 50 -100 -8 117 65 -85 76 143 58 67 -75 213 -27 26 22 -55 89 11 -399 -305 173 -39 1 -76 87 -141 -174 79 88 91 -109 -16 0 62 -42 73 -8 -57 -100 -190 -98 97 -39 19 -128 25 132 -85 -185 101 11 322 126 23 -71 -6 27 44 12 71 109 -110 -13 -111 152 20 -10 -78 15 -19 91 -14 101 46 32 -45 -3 -71 264 -79 -3 12 83 -68 -198 -207 33 -56 -17 79 -25 -34 -184 -17 93 89 -83 19 7 80 36 99 6 -49 -148 48 -193 149 -1 -29 -121 45 -39 71 -91 20 -14 133 307 -9 -73 -5 27 57 34 49 154 -20 -113 -69 10 -41 -75 8 -9 -21 69 139 -57 70 205 -152 13 -49 99 -32 -63 53 -19 -66 -80 -98 -61 22 -41 82 -4 -144 -113 -87 2 138 108 -8 -61 37 68 -129 83 83 -217 -102 -30 -21 35 57 -35 -28 -22 43 85 -134 35 46 246 60 -108 75 45 45 28 114 -32 -26 -108 -122 -42 140 -84 -26 -121 182 -15 101 79 7 144 -55 -78 97 -83 35 -39 55 -39 -9 -81 -85 -101 -45 32 -66 68 -61 15 -99 42 26 48 67 141 -97 -54 11 -1 2 -67 -98 43 -132 -6 91 47 -132 56 7 120 -100 9 144 118 136 -51 25 -65 9 -45 42 104 91 -140 -150 26 36 -76 114 -90 62 21 10 137 -21 -24 96 -65 58 -57 23 -37 6 -143 -41 -89 -182 35 4 66 -12 128 -121 -40 12 -15 -25 -34 -106 136 66 -94 57 -32 -58 -7 -77 -119 -50 -57 93 129 -156 93 84 80 101 23 -66 23 132 -146 -25 99 -9 -85 137 154 98 -51 -8 66 -53 -94 68 79 -68 103 7 178 63 -80 83 -1 -160 -44 -23 -181 48 68 -65 25 64 -116 -70 116 -6 -56 -57 -155 -88 17 41 -38 52 -75 93 -59 -60 -72 -58 -49 44 -193 49 59 55 214 72 -127 -10 76 -106 -41 46 93 3 48 20 59 118 33 43 11 -72 -16 33 71 -48 -17 38 179 -111 93 85 28 47 -38 -202 -7 -21 -75 55 59 12 -53 5 30 20 -161 -108 -92 -40 -54 79 53 38 0 57 -12 -83 -168 46 48 -112 -52 45 -105 148 63 -30 -28 30 24 -10 -70 13 44 -112 82 111 115 80 142 -91 -81 74 -99 -47 -56 -7 39 139 19 83 18 -37 81 -8 -149 -57 97 63 59 -75 116 -7 -156 99 72 -134 -64 -14 -196 -28 21 -19 -32 92 -7 64 81 -54 -40 -47 -3 -145 -19 -78 143 165 2 -45 -101 16 -38 -140 49 44 -93 122 117 -22 68 103 -20 -18 108 -16 -12 1 -65 19 67 25 -74 107 -51 105 28 11 -213 -79 68 16 -57 94 148 -85 151 88 -104 -3 -99 -194 -39 -5 -63 45 -2 -24 30 -53 -84 -24 42 -44 19 -6 -4 -115 203 85 -2 -129 131 31 -217 31 -5 -184 -50 45 -50 176 135 43 119 -55 -41 97 -88 10 114 -54 61 49 64 -37 4 78 -86 -139 -198 95 5 -13 89 91 -66 81 139 -48 99 -2 -112 -31 -116 -63 42 -113 15 137 -112 -40 121 -138 -107 -26 -151 3 -59 64 246 116 29 33 94 -92 -138 -67 -105 -62 -5 -17 69 81 -47 79 -36 -12 189 -83 3 155 -150 34 146 -140 156 -28 165 115 5 -327 -99 22 -161 -56 101 60 30 152 110 8 -18 -37 -21 -110 -34 87 -95 -9 107 -139 -31 89 -128 -20 161 -177 -63 -90 -266 197 121 -16 39 202 19 -27 89 -69 -157 -73 -67 -62 9 112 98 -36 31 60 -114 -33 115 -66 21 147 -89 -16 72 -112 172 47 -129 -66 124 -93 -37 2 -78 -65 50 56 60 76 68 -34 -66 5 -34 -47 32 52 -41 15 61 -77 -40 61 -40 -51 74 -93
fwd2d32_adst: 201 -697 676 783 -49 625 13 103 98 168 284 -8 6 -44 51 154 37 13 52 -1 211 -74 107 -90 64 27 -45 46 -20 68 -23 27 -340 1611 1593 -2081 -116 -633 -214 -599 -328 -66 -239 -269 -179 -175 -153 -165 -83 -243 -284 -93 -128 -45 -290 -81 -79 -92 -141 -185 64 -230 -196 -87 -534 1034 -2533 -1341 -194 406 -98 41 76 -216 -110 -198 163 87 -141 -52 -103 23 35 -42 -25 -115 64 -69 -57 -22 -99 -2 -22 58 -166 14 122 -424 -184 281 1368 -368 -579 -19 -266 36 -178 -52 -86 -122 -122 -186 -19 -91 62 -132 -182 3 37 -47 -131 0 92 -214 -2 -39 -3 -89 -274 298 -797 60 -237 -1282 -173 130 132 -275 290 -148 -82 -106 31 245 -123 -93 -76 6 -30 -1 52 -80 -133 94 72 -40 -130 151 -50 -10 52 118 -479 -62 -15 146 546 667 -658 -83 -143 8 -124 -83 24 -88 -37 -225 59 32 9 -86 -77 11 -61 -67 40 -120 7 -49 -62 -25 136 171 -374 -183 114 -549 38 -674 -296 -13 337 -119 112 127 -178 -37 -90 202 -23 -42 -54 -57 -30 86 67 -93 -66 19 33 2 -109 88 -153 -4 -381 143 30 38 -56 112 74 566 -178 -428 -74 17 8 -183 104 6 -69 -146 35 76 -133 6 -35 -42 -44 56 -1 -47 -116 -16 -98 -72 -238 -173 -67 -330 97 -243 -154 -197 -264 -79 111 155 -74 74 -82 25 -74 11 163 70 -71 -130 85 -17 89 -69 -56 7 27 -8 -79 160 -66 -14 -80 -38 169 39 -71 -31 173 271 107 -347 -59 -37 -16 -53 100 -48 -125 -59 -137 83 -48 1 -51 -19 -126 65 21 -62 -115 -10 -332 -85 -90 -70 -85 -25 -82 -13 -211 -25 -247 -116 86 192 -67 -27 68 -47 -68 -41 156 86 19 -215 106 60 16 -22 38 -96 -33 -25 -100 -78 176 -99 -32 -189 206 33 -25 -15 146 95 107 -19 -159 -124 -18 27 8 27 -117 -78 -104 -76 -15 1 -104 -2 46 52 -13 109 -228 -90 -111 -21 -121 -41 -102 25 -170 -7 -31 -91 -168 -115 124 65 6 -54 20 -8 -112 -35 163 123 78 -29 -62 -4 11 -30 -95 49 -203 -72 -46 -43 232 -20 -8 -53 45 46 10 48 -46 66 85 37 -123 -100 -19 69 29 -57 -18 -173 -162 -61 30 79 18 -43 59 -60 -27 104 -40 -164 -3 -80 -170 6 17 -96 -58 -59 65 -150 -78 -164 81 69 -79 82 4 30 -19 93 -10 126 36 -49 -124 39 -140 -19 -282 58 -92 -129 72 -26 13 121 -9 52 -81 79 3 69 -53 35 133 18 -124 -90 13 -125 57 -21 20 -43 -42 -152 -85 133 96 -13 -190 -39 16 -71 51 -91 -33 -73 -98 -48 77 -156 -54 -71 45 -169 -35 -32 -65 231 50 34 3 60 -144 -34 80 123 -24 -55 34 150 -288 24 -43 -107 17 -93 56 27 -54 103 105 35 -112 141 59 29 -5 -22 -85 -42 -14 -172 54 9 50 -79 57 37 -81 -128 45 -70 -210 106 -21 -22 33 -26 38 78 -177 -127 -71 -116 -11 -85 -38 -79 91 84 -18 -11 -36 47 -22 -28 29 -44 -135 -18 92 163 -21 -83 -98 20 -125 -141 89 -151 21 -4 45 38 57 84 151 2 -78 -51 -88 9 -8 -33 9 158 -65 -146 92 45 -27 1 -81 -134 -27 47 -125 107 -175 17 139 -35 -106 28 -90 40 -182 -144 -74 -71 72 134 -38 -45 87 -98 -112 45 -11 -183 71 6 -25 125 94 33 22 -55 -195 -12 -79 -92 97 -123 66 -41 -9 67 67 52 100 -139 13 85 -151 -69 145 25 -127 127 74 33 37 -54 -211 -16 -69 -31 83 46 -128 140 68 -47 -63 -128 81 -33 -158 8 -147 84 136 -89 -99 116 -108 -85 95 -69 -125 -72 -40 -92 145 41 94 81 -60 47 -2 -29 -289 -45 -92 -8 -52 16 116 14 16 85 -199 -135 129 -57 11 93 50 26 28 2 37 31 -26 -14 -39 -68 -46 6 -171 52 14 40 -102 9 14 -75 84 -144 -11 -276 -32 262 -42 -35 102 -3 -59 -20 -81 -77 -125 -104 21 37 -18 81 90 -119 88 92 -126 94 -29 3 -118 94 -114 24 -40 76 93 -17 -177 76 -102 -125 31 -64 50 -27 90 150 79 52 57 -68 -172 18 9 -162 64 53 -163 18 -100 -72 -128 -4 -65 -69 -27 -237 228 71 -16 -8 33 57 -39 -14 45 -115 -172 -40 -156 -54 112 34 -5 100 23 -84 27 65 -93 86 -2 -12 50 39 -7 206 54 -191 -112 4 -171 -120 -10 83 -71 -11 187 -29 41 102 -25 -13 44 0 -69 -30 -22 -47 23 -14 -75 3 -164 32 -194 -125 -354 -39 158 -82 90 131 90 57 12 25 -151 -140 33 -148 -79 141 -74 -22 26 -77 35 -5 -20 70 -30 22 18 24 41 -76 144 184 60 -87 37 -101 -113 -107 -103 -47 -79 83 56 52 166 -49 -16 48 -132 29 4 -55 105 -37 -54 51 -92 -75 105 -66 -74 -89 -367 89 -25 -104 -42 35 66 3 124 105 -86 -1 -96 -147 -6 -75 63 59 -74 107 -34 -147 107 -76 -71 164 -71 -40 125 -70 116 128 -248 -43 118 -87 -34 25 -16 -150 -11 33 -78 52 64 -35 2 -38 26 -21 -95 132 -45 -116 185 -68 -121 168 -52 -115 172 -125
inv2d32_dct_onto_vpred: 11 13 18 19 23 27 27 32 34 39 41 45 45 51 52 57 57 71 71 67 77 71 76 73 83 83 89 89 92 96 100 102 11 13 18 18 22 29 28 32 34 39 42 45 47 51 54 56 63 72 54 65 73 69 77 78 81 83 87 87 91 96 100 102 10 12 17 19 18 25 29 31 34 38 41 43 44 48 54 53 61 54 61 72 77 70 74 78 83 84 89 93 87 94 99 101 11 13 17 18 21 23 26 31 33 37 44 43 45 54 54 55 59 64 66 68 75 73 76 79 82 85 87 96 97 94 101 103 11 13 19 19 21 25 28 29 34 33 41 46 49 52 52 56 59 61 64 72 80 68 74 78 82 84 87 89 95 97 104 99 11 13 18 17 21 24 26 29 38 38 38 45 46 51 53 50 58 62 65 66 74 75 75 79 81 84 87 93 93 98 96 98 12 13 23 22 22 28 27 36 37 37 42 44 50 51 61 57 57 63 65 74 88 62 72 77 82 86 85 88 93 95 97 103 14 18 26 6 21 22 27 30 34 36 39 42 46 47 53 60 59 62 66 65 76 79 75 79 83 81 84 92 93 97 99 102 11 17 6 13 28 25 31 33 38 38 43 45 50 53 57 59 64 68 74 89 134 32 63 68 78 77 84 86 91 92 96 100 8 7 14 24 20 27 24 35 32 41 36 48 41 55 47 66 51 77 52 105 12 0 86 58 85 67 87 83 92 90 97 98 9 11 9 16 21 24 27 31 33 34 38 41 44 47 50 49 57 55 58 54 23 102 90 86 100 89 87 94 95 98 101 105 10 12 14 19 21 25 23 34 36 38 40 46 45 50 51 60 61 63 64 70 69 68 76 72 82 95 88 93 95 97 102 103 9 12 13 17 22 27 24 23 35 34 38 43 46 48 52 55 56 58 61 62 51 83 80 81 85 85 92 91 96 93 101 106 11 13 15 19 23 25 30 30 33 37 42 51 43 49 51 57 58 63 63 69 69 72 75 73 82 86 88 91 95 96 95 101 10 13 15 19 23 29 26 30 34 38 42 43 51 47 53 55 57 59 62 65 57 80 78 82 86 86 91 93 95 96 100 102 11 11 16 18 24 20 23 32 31 38 38 41 47 52 52 58 59 63 61 70 69 76 72 70 81 85 86 90 89 96 99 102 10 11 14 17 20 19 31 32 35 37 41 42 46 49 52 55 58 64 61 67 58 79 74 83 97 85 94 91 98 100 102 104 11 10 16 18 20 28 30 32 34 39 39 44 47 52 52 59 56 67 65 74 72 93 68 87 78 78 85 87 92 94 98 100 5 15 16 18 24 25 29 33 35 37 41 44 46 51 53 57 58 62 63 73 60 92 135 70 79 82 90 89 95 97 100 103 10 10 14 13 14 29 28 31 33 38 38 42 45 48 52 53 56 58 66 58 68 40 93 101 84 93 88 97 96 100 103 106 9 15 18 24 13 20 28 30 34 34 40 41 44 49 55 54 60 61 64 63 66 72 74 80 78 85 88 87 94 97 99 101 12 12 15 22 25 23 30 30 36 39 39 44 47 57 51 54 56 60 62 63 70 62 83 85 84 87 91 91 93 97 101 103 8 13 17 20 20 24 28 32 32 38 44 41 50 47 49 55 59 61 64 65 65 72 76 80 81 84 91 92 94 97 100 97 11 10 13 20 22 24 27 30 26 36 41 43 46 50 54 54 56 61 61 62 71 65 80 82 82 86 88 93 93 98 98 105 7 12 19 18 21 23 28 27 35 40 41 43 47 47 55 57 60 62 65 66 66 73 77 80 81 84 97 93 94 98 99 105 12 7 12 16 22 24 28 31 33 36 39 43 45 48 48 57 54 62 55 57 75 69 81 83 83 92 91 85 93 95 99 103 3 10 20 19 27 23 31 29 36 37 43 42 49 49 54 55 65 62 77 46 55 74 73 80 78 85 82 89 93 96 98 102 18 0 11 20 21 24 29 31 34 37 40 43 48 48 53 56 60 60 74 80 62 70 73 80 78 87 86 90 91 96 99 103 32 31 0 24 15 28 24 32 32 39 39 43 45 50 51 55 64 64 63 70 67 71 77 83 78 85 86 91 95 97 98 103 10 26 16 21 22 25 32 33 35 38 40 46 48 52 53 63 61 54 67 70 66 69 77 82 83 85 87 90 92 96 101 103 13 18 11 20 20 22 26 33 34 38 41 41 46 50 51 57 51 60 65 68 67 70 77 80 83 86 88 90 97 93 96 102 11 19 13 20 21 25 25 31 33 37 37 45 51 49 53 56 57 61 66 69 67 70 78 81 83 86 89 90 96 102 98 103
inv2d32_adst_onto_vpred: 9 14 10 16 26 26 30 28 37 41 39 44 46 50 52 55 56 63 62 68 72 73 76 79 84 85 88 91 93 97 100 103 9 14 17 13 21 23 32 33 32 31 41 42 47 49 52 56 60 59 67 67 68 73 76 79 81 84 88 92 96 97 100 103 11 12 18 16 23 22 29 30 39 42 36 43 44 53 52 56 55 63 61 70 71 73 75 79 83 85 87 90 92 96 100 102 9 14 16 19 21 26 27 34 32 37 41 43 42 49 54 62 63 55 70 67 65 73 75 78 80 84 88 92 96 96 100 102 11 12 16 18 22 24 28 30 38 42 37 45 45 47 49 53 66 64 59 86 75 75 75 79 85 85 88 91 93 97 100 103 9 15 15 19 20 26 27 34 32 35 40 42 44 49 50 52 53 63 54 63 79 77 82 76 82 83 91 94 99 97 101 103 11 12 17 17 23 23 30 29 40 42 39 44 46 48 52 54 60 63 64 62 71 71 80 80 84 81 86 92 93 96 99 101 8 14 16 20 21 26 27 34 33 33 40 42 46 48 52 53 56 61 61 66 72 74 77 80 81 86 85 95 99 99 100 101 11 13 16 18 23 25 29 29 41 44 37 46 45 50 51 56 58 64 62 67 69 75 76 83 84 87 84 103 74 86 94 105 9 13 16 19 21 25 28 34 35 31 41 41 46 47 52 53 57 60 63 65 71 74 78 78 78 75 93 81 79 105 102 107 12 12 17 17 24 23 31 26 47 46 36 46 46 49 51 55 58 62 61 67 71 76 72 77 76 89 89 87 98 100 101 106 9 13 17 19 22 25 30 35 38 27 41 38 48 47 54 50 57 57 67 67 72 70 75 79 82 85 88 90 90 100 101 104 13 10 18 15 26 21 35 22 69 59 29 53 46 49 47 53 59 64 64 65 70 72 76 78 80 86 87 89 95 98 100 104 6 17 15 25 21 34 36 62 78 0 29 28 33 36 45 47 53 53 61 61 68 68 73 74 79 81 85 88 89 96 97 101 4 19 7 24 13 39 19 46 0 3 55 35 51 46 54 53 61 63 65 65 72 72 77 78 82 86 88 89 95 97 101 104 9 8 15 20 25 26 24 29 24 48 46 45 46 49 53 56 58 60 65 67 72 73 77 79 83 84 89 93 93 99 101 104 13 10 16 16 23 28 28 34 14 28 43 42 47 49 51 54 59 64 63 66 71 72 76 78 81 86 87 89 95 97 100 104 13 13 19 17 19 24 28 41 27 43 50 43 45 48 52 55 58 60 65 67 71 73 77 79 82 84 88 93 93 99 101 104 10 12 15 20 19 23 19 32 29 23 49 53 50 52 51 57 60 67 63 67 72 73 77 79 82 87 87 90 95 97 101 105 10 14 17 19 21 25 26 28 30 38 30 46 46 54 52 54 56 59 66 67 72 72 78 78 82 83 88 95 94 100 102 104 10 14 15 21 20 26 23 34 27 36 41 42 45 50 55 56 60 62 63 65 74 72 76 77 82 85 86 89 95 95 100 104 11 13 18 18 22 24 28 29 31 37 39 42 47 47 54 53 61 57 66 62 73 73 81 77 79 78 87 104 95 102 103 105 10 13 15 20 20 26 25 33 28 36 40 43 46 50 52 56 59 67 61 66 68 73 74 85 78 87 56 86 99 92 102 106 9 14 17 20 21 26 26 31 30 38 39 44 45 49 53 56 58 60 64 68 70 77 75 84 83 97 91 70 95 94 93 97 10 13 15 20 21 26 25 33 29 37 40 43 46 50 53 56 60 71 60 65 69 72 74 82 80 86 88 92 94 104 98 98 10 14 17 19 21 25 27 31 31 37 40 43 46 48 53 55 59 58 65 66 72 77 76 80 79 90 89 89 92 97 97 103 11 12 15 19 22 26 26 32 31 37 41 43 48 50 55 58 65 87 54 61 73 66 71 75 81 86 89 88 91 98 98 101 11 13 19 17 23 24 30 29 33 35 44 40 50 44 62 54 77 37 28 73 59 69 72 80 81 87 87 87 92 96 98 102 11 11 14 19 21 26 25 32 30 36 38 39 46 49 56 48 52 32 76 72 73 75 79 81 85 88 91 91 94 100 101 104 8 16 17 20 20 27 27 34 28 37 37 46 47 51 51 53 58 58 67 68 70 72 77 80 83 87 89 89 94 98 100 103 15 6 13 17 25 27 26 29 27 37 39 45 45 49 51 53 56 52 68 68 71 73 77 80 83 87 90 90 94 98 100 103 0 13 28 23 27 24 28 31 31 38 41 45 47 50 52 54 58 56 67 68 71 73 78 80 84 87 90 90 94 98 100 104
qscan32: 0 1 32 64 33 2 3 34 65 96 128 97 66 35 4 5 36 67 98 129 160 192 161 130 99 68 37 6 7 38 69 100 131 162 193 224 256 225 194 163 132 101 70 39 8 9 40 71 102 133 164 195 226 257 288 320 289 258 227 196 165 134 103 72 41 10 11 42 73 104 135 166 197 228 259 290 321 352 384 353 322 291 260 229 198 167 136 105 74 43 12 13 44 75 106 137 168 199 230 261 292 323 354 385 416 448 417 386 355 324 293 262 231 200 169 138 107 76 45 14 15 46 77 108 139 170 201 232 263 294 325 356 387 418 449 480 512 481 450 419 388 357 326 295 264 233 202 171 140 109 78 47 16 17 48 79 110 141 172 203 234 265 296 327 358 389 420 451 482 513 544 576 545 514 483 452 421 390 359 328 297 266 235 204 173 142 111 80 49 18 19 50 81 112 143 174 205 236 267 298 329 360 391 422 453 484 515 546 577 608 640 609 578 547 516 485 454 423 392 361 330 299 268 237 206 175 144 113 82 51 20 21 52 83 114 145 176 207 238 269 300 331 362 393 424 455 486 517 548 579 610 641 672 704 673 642 611 580 549 518 487 456 425 394 363 332 301 270 239 208 177 146 115 84 53 22 23 54 85 116 147 178 209 240 271 302 333 364 395 426 457 488 519 550 581 612 643 674 705 736 768 737 706 675 644 613 582 551 520 489 458 427 396 365 334 303 272 241 210 179 148 117 86 55 24 25 56 87 118 149 180 211 242 273 304 335 366 397 428 459 490 521 552 583 614 645 676 707 738 769 800 832 801 770 739 708 677 646 615 584 553 522 491 460 429 398 367 336 305 274 243 212 181 150 119 88 57 26 27 58 89 120 151 182 213 244 275 306 337 368 399 430 461 492 523 554 585 616 647 678 709 740 771 802 833 864 896 865 834 803 772 741 710 679 648 617 586 555 524 493 462 431 400 369 338 307 276 245 214 183 152 121 90 59 28 29 60 91 122 153 184 215 246 277 308 339 370 401 432 463 494 525 556 587 618 649 680 711 742 773 804 835 866 897 928 960 929 898 867 836 805 774 743 712 681 650 619 588 557 526 495 464 433 402 371 340 309 278 247 216 185 154 123 92 61 30 31 62 93 124 155 186 217 248 279 310 341 372 403 434 465 496 527 558 589 620 651 682 713 744 775 806 837 868 899 930 961 992 993 962 931 900 869 838 807 776 745 714 683 652 621 590 559 528 497 466 435 404 373 342 311 280 249 218 187 156 125 94 63 95 126 157 188 219 250 281 312 343 374 405 436 467 498 529 560 591 622 653 684 715 746 777 808 839 870 901 932 963 994 995 964 933 902 871 840 809 778 747 716 685 654 623 592 561 530 499 468 437 406 375 344 313 282 251 220 189 158 127 159 190 221 252 283 314 345 376 407 438 469 500 531 562 593 624 655 686 717 748 779 810 841 872 903 934 965 996 997 966 935 904 873 842 811 780 749 718 687 656 625 594 563 532 501 470 439 408 377 346 315 284 253 222 191 223 254 285 316 347 378 409 440 471 502 533 564 595 626 657 688 719 750 781 812 843 874 905 936 967 998 999 968 937 906 875 844 813 782 751 720 689 658 627 596 565 534 503 472 441 410 379 348 317 286 255 287 318 349 380 411 442 473 504 535 566 597 628 659 690 721 752 783 814 845 876 907 938 969 1000 1001 970 939 908 877 846 815 784 753 722 691 660 629 598 567 536 505 474 443 412 381 350 319 351 382 413 444 475 506 537 568 599 630 661 692 723 754 785 816 847 878 909 940 971 1002 1003 972 941 910 879 848 817 786 755 724 693 662 631 600 569 538 507 476 445 414 383 415 446 477 508 539 570 601 632 663 694 725 756 787 818 849 880 911 942 973 1004 1005 974 943 912 881 850 819 788 757 726 695 664 633 602 571 540 509 478 447 479 510 541 572 603 634 665 696 727 758 789 820 851 882 913 944 975 1006 1007 976 945 914 883 852 821 790 759 728 697 666 635 604 573 542 511 543 574 605 636 667 698 729 760 791 822 853 884 915 946 977 1008 1009 978 947 916 885 854 823 792 761 730 699 668 637 606 575 607 638 669 700 731 762 793 824 855 886 917 948 979 1010 1011 980 949 918 887 856 825 794 763 732 701 670 639 671 702 733 764 795 826 857 888 919 950 981 1012 1013 982 951 920 889 858 827 796 765 734 703 735 766 797 828 859 890 921 952 983 1014 1015 984 953 922 891 860 829 798 767 799 830 861 892 923 954 985 1016 1017 986 955 924 893 862 831 863 894 925 956 987 1018 1019 988 957 926 895 927 958 989 1020 1021 990 959 991 1022 1023
q32fp_q100: 0 2 2 -5 0 1 -4 -2 0 2 0 -4 0 -1 0 1 -1 -1 0 0 1 -3 0 -2 1 -1 -1 0 0 0 -2 1 -10 12 -39 -37 13 -14 4 -5 0 1 -2 0 2 0 -2 -1 1 -2 0 1 -1 2 -2 2 0 0 0 -1 2 -2 -1 1 -14 -15 -37 38 12 4 2 5 -2 -2 2 1 3 0 -2 1 0 2 1 -2 -1 0 2 -2 -1 1 1 0 -1 3 -2 1 4 -9 21 12 -7 -27 0 1 -4 3 -1 -1 -4 0 2 -1 1 -1 1 -1 0 3 0 0 -1 1 2 -4 1 1 1 -1 -5 -1 -12 2 -14 3 18 1 1 0 5 -2 0 1 3 2 -3 0 0 2 0 -1 -1 0 0 0 1 1 -2 2 -1 1 4 -2 2 3 2 11 -1 -10 -11 4 -5 2 -1 0 -2 -3 3 0 1 -1 0 -1 -1 2 0 -3 1 0 0 -2 1 1 -1 -3 -2 -2 -3 -5 -1 -6 15 5 2 -1 3 0 -3 1 2 3 -4 -1 1 1 -1 1 1 -3 0 2 -1 0 0 1 -3 0 3 5 -2 6 -2 3 1 -3 -12 0 0 1 2 -2 2 -3 0 0 2 0 -3 0 1 0 0 0 -1 0 0 -1 -2 -2 0 -3 -2 0 2 -4 1 -3 6 8 -1 -1 0 2 -2 1 1 1 0 0 0 -1 2 -1 1 -2 0 2 1 -2 1 3 1 1 -1 4 0 0 0 -1 2 0 -7 -5 3 -1 0 -1 2 -3 -3 1 2 2 -2 0 0 1 -1 1 0 -1 -2 -3 -2 2 -1 0 -2 0 2 -2 -3 2 0 6 2 0 -1 0 0 1 0 1 2 -2 0 -2 3 0 0 -1 0 0 2 0 2 1 1 -1 0 -1 5 -1 0 0 1 -1 -4 -4 1 -1 0 1 0 -1 -3 0 2 2 -1 0 0 1 1 2 0 -1 -3 1 -3 3 0 -1 -2 1 -1 1 -2 0 0 2 5 0 -1 0 0 1 1 1 3 0 -2 -1 0 -1 -1 0 0 0 1 2 -1 1 4 -3 0 -1 2 -1 -1 1 0 -1 -1 -2 -1 0 -1 1 0 -3 -2 -2 0 2 2 0 -1 1 1 -2 1 1 -4 -2 -1 0 1 1 -1 0 0 1 2 -2 1 1 4 1 -2 1 1 1 0 2 -1 0 -2 -2 -1 2 -1 0 -2 3 0 2 1 0 3 -1 -1 2 -1 1 -1 1 -1 0 -1 -2 -2 -1 1 -1 1 -1 0 -2 1 0 1 1 3 -2 -1 0 0 0 -1 -2 1 -2 0 2 1 -2 1 0 2 -2 0 3 2 2 -1 0 -1 0 -1 1 2 2 -2 -3 0 1 -1 2 -2 1 0 0 2 0 0 2 -1 1 -1 0 -1 0 -3 -1 -2 -3 1 0 1 0 2 -2 -1 0 0 0 -1 -2 2 1 -2 1 -1 -1 0 -1 -2 -1 -1 2 2 -3 2 1 1 2 0 -1 0 2 -3 0 2 0 -2 2 3 2 -1 0 1 -1 -2 1 1 -1 2 0 3 1 -1 1 0 -3 -1 0 -3 1 1 -1 0 1 -2 -1 2 0 -1 -1 -3 -2 0 1 -1 1 -1 2 -1 -1 -1 -1 -1 1 -3 1 1 1 4 1 -2 0 1 -2 -1 1 2 0 1 0 1 2 1 1 0 -1 0 1 1 -1 0 1 3 -2 2 2 0 1 -1 -4 0 0 -1 1 1 0 -1 0 1 0 -3 -2 -2 -1 -1 1 1 1 0 1 0 -1 -3 1 1 -2 -1 1 -2 3 1 -1 0 1 0 0 -1 0 1 -2 1 2 2 1 3 -2 -1 1 -2 -1 -1 0 1 2 0 1 0 -1 1 0 -3 -1 2 1 1 -1 2 0 -3 2 1 -2 -1 0 -3 0 0 0 -1 2 0 1 1 -1 -1 -1 0 -3 0 -1 3 3 0 -1 -2 0 -1 -2 1 1 -2 2 2 0 1 2 0 0 2 0 0 0 -1 0 1 0 -1 2 -1 2 0 0 -4 -1 1 0 -1 2 3 -2 3 2 -2 0 -2 -3 -1 0 -1 1 0 0 1 -1 -1 0 1 -1 0 0 0 -2 4 2 0 -2 2 1 -4 1 0 -3 -1 1 -1 3 2 1 2 -1 -1 2 -2 0 2 -1 1 1 1 -1 0 1 -2 -2 -4 2 0 0 2 2 -1 1 2 -1 2 0 -2 -1 -2 -1 1 -2 0 2 -2 -1 2 -2 -2 0 -3 0 -1 1 4 2 1 1 2 -2 -2 -1 -2 -1 0 0 1 1 -1 1 -1 0 3 -1 0 3 -3 1 3 -2 3 0 3 2 0 -6 -2 0 -3 -1 2 1 1 3 2 0 0 -1 0 -2 -1 2 -2 0 2 -2 -1 2 -2 0 3 -3 -1 -2 -5 4 2 0 1 4 0 0 2 -1 -3 -1 -1 -1 0 2 2 -1 1 1 -2 -1 2 -1 0 3 -2 0 1 -2 3 1 -2 -1 2 -2 -1 0 -1 -1 1 1 1 1 1 -1 -1 0 -1 -1 1 1 -1 0 1 -1 -1 1 -1 -1 1 -2 | 0 112 112 -280 0 56 -224 -112 0 112 0 -224 0 -56 0 56 -56 -56 0 0 56 -168 0 -112 56 -56 -56 0 0 0 -112 56 -560 672 -2184 -2072 728 -784 224 -280 0 56 -112 0 112 0 -112 -56 56 -112 0 56 -56 112 -112 112 0 0 0 -56 112 -112 -56 56 -784 -840 -2072 2128 672 224 112 280 -112 -112 112 56 168 0 -112 56 0 112 56 -112 -56 0 112 -112 -56 56 56 0 -56 168 -112 56 224 -504 1176 672 -392 -1512 0 56 -224 168 -56 -56 -224 0 112 -56 56 -56 56 -56 0 168 0 0 -56 56 112 -224 56 56 56 -56 -280 -56 -672 112 -784 168 1008 56 56 0 280 -112 0 56 168 112 -168 0 0 112 0 -56 -56 0 0 0 56 56 -112 112 -56 56 224 -112 112 168 112 616 -56 -560 -616 224 -280 112 -56 0 -112 -168 168 0 56 -56 0 -56 -56 112 0 -168 56 0 0 -112 56 56 -56 -168 -112 -112 -168 -280 -56 -336 840 280 112 -56 168 0 -168 56 112 168 -224 -56 56 56 -56 56 56 -168 0 112 -56 0 0 56 -168 0 168 280 -112 336 -112 168 56 -168 -672 0 0 56 112 -112 112 -168 0 0 112 0 -168 0 56 0 0 0 -56 0 0 -56 -112 -112 0 -168 -112 0 112 -224 56 -168 336 448 -56 -56 0 112 -112 56 56 56 0 0 0 -56 112 -56 56 -112 0 112 56 -112 56 168 56 56 -56 224 0 0 0 -56 112 0 -392 -280 168 -56 0 -56 112 -168 -168 56 112 112 -112 0 0 56 -56 56 0 -56 -112 -168 -112 112 -56 0 -112 0 112 -112 -168 112 0 336 112 0 -56 0 0 56 0 56 112 -112 0 -112 168 0 0 -56 0 0 112 0 112 56 56 -56 0 -56 280 -56 0 0 56 -56 -224 -224 56 -56 0 56 0 -56 -168 0 112 112 -56 0 0 56 56 112 0 -56 -168 56 -168 168 0 -56 -112 56 -56 56 -112 0 0 112 280 0 -56 0 0 56 56 56 168 0 -112 -56 0 -56 -56 0 0 0 56 112 -56 56 224 -168 0 -56 112 -56 -56 56 0 -56 -56 -112 -56 0 -56 56 0 -168 -112 -112 0 112 112 0 -56 56 56 -112 56 56 -224 -112 -56 0 56 56 -56 0 0 56 112 -112 56 56 224 56 -112 56 56 56 0 112 -56 0 -112 -112 -56 112 -56 0 -112 168 0 112 56 0 168 -56 -56 112 -56 56 -56 56 -56 0 -56 -112 -112 -56 56 -56 56 -56 0 -112 56 0 56 56 168 -112 -56 0 0 0 -56 -112 56 -112 0 112 56 -112 56 0 112 -112 0 168 112 112 -56 0 -56 0 -56 56 112 112 -112 -168 0 56 -56 112 -112 56 0 0 112 0 0 112 -56 56 -56 0 -56 0 -168 -56 -112 -168 56 0 56 0 112 -112 -56 0 0 0 -56 -112 112 56 -112 56 -56 -56 0 -56 -112 -56 -56 112 112 -168 112 56 56 112 0 -56 0 112 -168 0 112 0 -112 112 168 112 -56 0 56 -56 -112 56 56 -56 112 0 168 56 -56 56 0 -168 -56 0 -168 56 56 -56 0 56 -112 -56 112 0 -56 -56 -168 -112 0 56 -56 56 -56 112 -56 -56 -56 -56 -56 56 -168 56 56 56 224 56 -112 0 56 -112 -56 56 112 0 56 0 56 112 56 56 0 -56 0 56 56 -56 0 56 168 -112 112 112 0 56 -56 -224 0 0 -56 56 56 0 -56 0 56 0 -168 -112 -112 -56 -56 56 56 56 0 56 0 -56 -168 56 56 -112 -56 56 -112 168 56 -56 0 56 0 0 -56 0 56 -112 56 112 112 56 168 -112 -56 56 -112 -56 -56 0 56 112 0 56 0 -56 56 0 -168 -56 112 56 56 -56 112 0 -168 112 56 -112 -56 0 -168 0 0 0 -56 112 0 56 56 -56 -56 -56 0 -168 0 -56 168 168 0 -56 -112 0 -56 -112 56 56 -112 112 112 0 56 112 0 0 112 0 0 0 -56 0 56 0 -56 112 -56 112 0 0 -224 -56 56 0 -56 112 168 -112 168 112 -112 0 -112 -168 -56 0 -56 56 0 0 56 -56 -56 0 56 -56 0 0 0 -112 224 112 0 -112 112 56 -224 56 0 -168 -56 56 -56 168 112 56 112 -56 -56 112 -112 0 112 -56 56 56 56 -56 0 56 -112 -112 -224 112 0 0 112 112 -56 56 112 -56 112 0 -112 -56 -112 -56 56 -112 0 112 -112 -56 112 -112 -112 0 -168 0 -56 56 224 112 56 56 112 -112 -112 -56 -112 -56 0 0 56 56 -56 56 -56 0 168 -56 0 168 -168 56 168 -112 168 0 168 112 0 -336 -112 0 -168 -56 112 56 56 168 112 0 0 -56 0 -112 -56 112 -112 0 112 -112 -56 112 -112 0 168 -168 -56 -112 -280 224 112 0 56 224 0 0 112 -56 -168 -56 -56 -56 0 112 112 -56 56 56 -112 -56 112 -56 0 168 -112 0 56 -112 168 56 -112 -56 112 -112 -56 0 -56 -56 56 56 56 56 56 -56 -56 0 -56 -56 56 56 -56 0 56 -56 -56 56 -56 -56 56 -112 | 1024
q32b_q100: 0 1 2 -5 0 0 -4 -2 0 1 0 -4 0 -1 0 1 -1 -1 0 0 1 -2 0 -2 1 0 -1 0 0 0 -2 1 -10 12 -39 -37 13 -13 4 -5 0 1 -2 0 2 0 -1 -1 0 -1 0 1 -1 2 -2 2 0 0 0 -1 2 -2 -1 1 -13 -15 -37 38 11 4 2 5 -2 -2 2 1 3 0 -2 0 0 2 1 -2 0 0 2 -2 0 1 1 0 -1 3 -2 1 4 -9 21 12 -7 -27 0 1 -4 3 -1 0 -4 0 2 0 1 -1 1 -1 0 2 0 0 0 1 2 -3 1 1 0 -1 -5 -1 -12 2 -14 3 18 1 1 0 5 -2 0 1 3 1 -3 0 0 2 0 -1 -1 0 0 0 0 0 -2 2 -1 1 4 -2 2 3 2 11 0 -10 -11 4 -5 2 -1 0 -1 -3 2 0 1 0 0 -1 -1 2 0 -3 1 0 0 -2 0 1 -1 -3 -2 -2 -3 -5 -1 -6 15 5 1 -1 3 0 -3 1 2 3 -4 -1 0 1 0 1 1 -2 0 2 -1 0 0 1 -3 0 3 5 -2 6 -2 3 1 -2 -11 0 0 1 2 -2 2 -2 0 0 2 0 -3 0 1 0 0 0 -1 0 0 -1 -2 -2 0 -3 -2 0 2 -4 1 -3 6 8 0 -1 0 2 -2 1 1 1 0 0 0 -1 2 -1 1 -2 0 2 1 -1 1 2 1 1 -1 4 0 0 0 -1 1 0 -7 -5 3 -1 0 -1 1 -2 -3 1 1 2 -2 0 0 1 -1 1 0 -1 -2 -3 -2 2 -1 0 -2 0 2 -1 -3 2 0 6 2 0 -1 0 0 1 0 1 2 -2 0 -2 3 0 0 -1 0 0 2 0 2 1 0 -1 0 -1 5 -1 0 0 1 -1 -3 -4 0 -1 0 1 0 0 -3 0 2 1 -1 0 0 1 0 2 0 -1 -3 1 -3 3 0 0 -2 1 -1 1 -2 0 0 2 5 0 -1 0 0 1 0 1 3 0 -2 -1 0 -1 -1 0 0 0 1 2 -1 1 4 -3 0 -1 2 0 -1 1 0 -1 -1 -2 -1 0 -1 1 0 -2 -2 -1 0 2 2 0 -1 1 1 -2 1 1 -4 -2 0 0 0 1 0 0 0 1 1 -2 0 1 4 1 -2 1 1 1 0 2 0 0 -2 -2 -1 2 -1 0 -2 3 0 2 1 0 2 -1 -1 2 -1 0 -1 1 -1 0 -1 -1 -2 -1 0 -1 1 -1 0 -2 1 0 1 1 2 -2 -1 0 0 0 -1 -2 1 -2 0 2 1 -2 1 0 2 -2 0 2 2 2 -1 0 -1 0 -1 1 2 2 -2 -3 0 0 -1 2 -1 1 0 0 2 0 0 2 -1 1 -1 0 -1 0 -2 -1 -1 -3 0 0 1 0 2 -2 -1 0 0 0 0 -2 2 1 -2 1 0 -1 0 -1 -2 -1 -1 2 2 -3 2 1 1 2 0 -1 0 2 -2 0 2 0 -1 2 3 2 -1 0 1 -1 -2 1 1 -1 2 0 3 1 -1 1 0 -3 -1 0 -3 1 1 -1 0 1 -2 -1 2 0 -1 -1 -3 -1 0 1 -1 1 -1 2 -1 -1 -1 -1 -1 1 -3 1 1 1 4 1 -2 0 1 -2 -1 1 2 0 1 0 1 2 0 1 0 -1 0 0 1 -1 0 1 3 -2 2 1 0 1 -1 -3 0 0 -1 1 1 0 -1 0 0 0 -3 -2 -2 -1 -1 1 1 1 0 1 0 -1 -3 1 1 -2 -1 1 -2 3 1 0 0 0 0 0 -1 0 1 -2 1 2 2 1 2 -2 -1 1 -2 -1 -1 0 1 2 0 1 0 -1 1 0 -3 -1 2 1 1 -1 2 0 -3 2 1 -2 -1 0 -3 0 0 0 0 2 0 1 1 -1 -1 -1 0 -2 0 -1 2 3 0 -1 -2 0 -1 -2 1 1 -2 2 2 0 1 2 0 0 2 0 0 0 -1 0 1 0 -1 2 -1 2 0 0 -4 -1 1 0 -1 2 3 -1 3 1 -2 0 -2 -3 -1 0 -1 1 0 0 0 -1 -1 0 1 -1 0 0 0 -2 4 1 0 -2 2 0 -4 0 0 -3 -1 1 -1 3 2 1 2 -1 -1 2 -1 0 2 -1 1 1 1 -1 0 1 -1 -2 -3 2 0 0 1 2 -1 1 2 -1 2 0 -2 0 -2 -1 1 -2 0 2 -2 -1 2 -2 -2 0 -3 0 -1 1 4 2 0 0 2 -2 -2 -1 -2 -1 0 0 1 1 -1 1 0 0 3 -1 0 3 -3 0 2 -2 3 0 3 2 0 -6 -2 0 -3 -1 2 1 0 3 2 0 0 -1 0 -2 0 1 -2 0 2 -2 0 1 -2 0 3 -3 -1 -1 -5 3 2 0 1 3 0 0 1 -1 -3 -1 -1 -1 0 2 2 0 0 1 -2 0 2 -1 0 3 -1 0 1 -2 3 1 -2 -1 2 -2 -1 0 -1 -1 1 1 1 1 1 0 -1 0 0 -1 0 1 -1 0 1 -1 -1 1 -1 -1 1 -2 | 0 56 112 -280 0 0 -224 -112 0 56 0 -224 0 -56 0 56 -56 -56 0 0 56 -112 0 -112 56 0 -56 0 0 0 -112 56 -560 672 -2184 -2072 728 -728 224 -280 0 56 -112 0 112 0 -56 -56 0 -56 0 56 -56 112 -112 112 0 0 0 -56 112 -112 -56 56 -728 -840 -2072 2128 616 224 112 280 -112 -112 112 56 168 0 -112 0 0 112 56 -112 0 0 112 -112 0 56 56 0 -56 168 -112 56 224 -504 1176 672 -392 -1512 0 56 -224 168 -56 0 -224 0 112 0 56 -56 56 -56 0 112 0 0 0 56 112 -168 56 56 0 -56 -280 -56 -672 112 -784 168 1008 56 56 0 280 -112 0 56 168 56 -168 0 0 112 0 -56 -56 0 0 0 0 0 -112 112 -56 56 224 -112 112 168 112 616 0 -560 -616 224 -280 112 -56 0 -56 -168 112 0 56 0 0 -56 -56 112 0 -168 56 0 0 -112 0 56 -56 -168 -112 -112 -168 -280 -56 -336 840 280 56 -56 168 0 -168 56 112 168 -224 -56 0 56 0 56 56 -112 0 112 -56 0 0 56 -168 0 168 280 -112 336 -112 168 56 -112 -616 0 0 56 112 -112 112 -112 0 0 112 0 -168 0 56 0 0 0 -56 0 0 -56 -112 -112 0 -168 -112 0 112 -224 56 -168 336 448 0 -56 0 112 -112 56 56 56 0 0 0 -56 112 -56 56 -112 0 112 56 -56 56 112 56 56 -56 224 0 0 0 -56 56 0 -392 -280 168 -56 0 -56 56 -112 -168 56 56 112 -112 0 0 56 -56 56 0 -56 -112 -168 -112 112 -56 0 -112 0 112 -56 -168 112 0 336 112 0 -56 0 0 56 0 56 112 -112 0 -112 168 0 0 -56 0 0 112 0 112 56 0 -56 0 -56 280 -56 0 0 56 -56 -168 -224 0 -56 0 56 0 0 -168 0 112 56 -56 0 0 56 0 112 0 -56 -168 56 -168 168 0 0 -112 56 -56 56 -112 0 0 112 280 0 -56 0 0 56 0 56 168 0 -112 -56 0 -56 -56 0 0 0 56 112 -56 56 224 -168 0 -56 112 0 -56 56 0 -56 -56 -112 -56 0 -56 56 0 -112 -112 -56 0 112 112 0 -56 56 56 -112 56 56 -224 -112 0 0 0 56 0 0 0 56 56 -112 0 56 224 56 -112 56 56 56 0 112 0 0 -112 -112 -56 112 -56 0 -112 168 0 112 56 0 112 -56 -56 112 -56 0 -56 56 -56 0 -56 -56 -112 -56 0 -56 56 -56 0 -112 56 0 56 56 112 -112 -56 0 0 0 -56 -112 56 -112 0 112 56 -112 56 0 112 -112 0 112 112 112 -56 0 -56 0 -56 56 112 112 -112 -168 0 0 -56 112 -56 56 0 0 112 0 0 112 -56 56 -56 0 -56 0 -112 -56 -56 -168 0 0 56 0 112 -112 -56 0 0 0 0 -112 112 56 -112 56 0 -56 0 -56 -112 -56 -56 112 112 -168 112 56 56 112 0 -56 0 112 -112 0 112 0 -56 112 168 112 -56 0 56 -56 -112 56 56 -56 112 0 168 56 -56 56 0 -168 -56 0 -168 56 56 -56 0 56 -112 -56 112 0 -56 -56 -168 -56 0 56 -56 56 -56 112 -56 -56 -56 -56 -56 56 -168 56 56 56 224 56 -112 0 56 -112 -56 56 112 0 56 0 56 112 0 56 0 -56 0 0 56 -56 0 56 168 -112 112 56 0 56 -56 -168 0 0 -56 56 56 0 -56 0 0 0 -168 -112 -112 -56 -56 56 56 56 0 56 0 -56 -168 56 56 -112 -56 56 -112 168 56 0 0 0 0 0 -56 0 56 -112 56 112 112 56 112 -112 -56 56 -112 -56 -56 0 56 112 0 56 0 -56 56 0 -168 -56 112 56 56 -56 112 0 -168 112 56 -112 -56 0 -168 0 0 0 0 112 0 56 56 -56 -56 -56 0 -112 0 -56 112 168 0 -56 -112 0 -56 -112 56 56 -112 112 112 0 56 112 0 0 112 0 0 0 -56 0 56 0 -56 112 -56 112 0 0 -224 -56 56 0 -56 112 168 -56 168 56 -112 0 -112 -168 -56 0 -56 56 0 0 0 -56 -56 0 56 -56 0 0 0 -112 224 56 0 -112 112 0 -224 0 0 -168 -56 56 -56 168 112 56 112 -56 -56 112 -56 0 112 -56 56 56 56 -56 0 56 -56 -112 -168 112 0 0 56 112 -56 56 112 -56 112 0 -112 0 -112 -56 56 -112 0 112 -112 -56 112 -112 -112 0 -168 0 -56 56 224 112 0 0 112 -112 -112 -56 -112 -56 0 0 56 56 -56 56 0 0 168 -56 0 168 -168 0 112 -112 168 0 168 112 0 -336 -112 0 -168 -56 112 56 0 168 112 0 0 -56 0 -112 0 56 -112 0 112 -112 0 56 -112 0 168 -168 -56 -56 -280 168 112 0 56 168 0 0 56 -56 -168 -56 -56 -56 0 112 112 0 0 56 -112 0 112 -56 0 168 -56 0 56 -112 168 56 -112 -56 112 -112 -56 0 -56 -56 56 56 56 56 56 0 -56 0 0 -56 0 56 -56 0 56 -56 -56 56 -56 -56 56 -112 | 1024
q32fp_q0: -7 45 67 -152 6 16 -125 -55 -11 43 -14 -126 -14 -32 13 24 -38 -38 9 -7 35 -73 1 -49 29 -15 -20 4 8 7 -47 32 -283 347 -1103 -1048 375 -379 103 -133 -10 30 -70 9 50 -9 -45 -33 15 -43 -6 30 -30 62 -58 59 -10 4 9 -38 59 -60 -30 42 -379 -423 -1036 1065 325 124 49 143 -58 -66 46 30 91 -4 -47 16 9 67 39 -65 -17 9 68 -58 -16 19 24 -10 -22 83 -62 20 124 -253 593 341 -197 -752 12 27 -108 96 -42 -16 -102 -11 48 -16 21 -28 33 -33 -12 72 -13 -1 -15 29 48 -100 19 31 17 -39 -136 -21 -337 59 -390 91 507 42 20 -12 145 -66 8 41 74 44 -97 -14 -2 60 9 -24 -21 10 10 9 15 17 -50 68 -41 26 104 -47 70 80 70 311 -18 -271 -320 123 -130 65 -34 -6 -43 -74 72 -14 33 -17 -12 -40 -38 63 -6 -90 26 10 13 -52 16 22 -19 -83 -46 -49 -91 -148 -30 -172 430 138 44 -42 88 9 -78 29 49 88 -103 -23 18 33 -15 39 22 -72 5 63 -25 -2 -14 38 -98 7 93 132 -60 166 -62 90 23 -72 -325 -1 7 20 53 -53 50 -73 0 -2 47 13 -82 -6 19 4 11 -1 -40 3 1 -30 -47 -69 -3 -97 -60 4 66 -118 33 -97 161 230 -18 -20 14 52 -66 19 38 41 -11 -11 -14 -26 56 -19 25 -50 -4 59 33 -43 38 72 29 34 -38 107 -14 13 11 -28 45 6 -200 -153 87 -20 1 -38 44 -71 -87 40 44 46 -55 -8 0 31 -21 37 -4 -29 -50 -95 -49 49 -20 10 -64 13 66 -43 -93 51 6 161 63 12 -36 -3 14 22 6 36 55 -55 -7 -56 76 10 -5 -39 8 -10 46 -7 51 23 16 -23 -2 -36 132 -40 -2 6 42 -34 -99 -104 17 -28 -9 40 -13 -17 -92 -9 47 45 -42 10 4 40 18 50 3 -25 -74 24 -97 75 -1 -15 -61 23 -20 36 -46 10 -7 67 154 -5 -37 -3 14 29 17 25 77 -10 -57 -35 5 -21 -38 4 -5 -11 35 70 -29 35 103 -76 7 -25 50 -16 -32 27 -10 -33 -40 -49 -31 11 -21 41 -2 -72 -57 -44 1 69 54 -4 -31 19 34 -65 42 42 -109 -51 -15 -11 18 29 -18 -14 -11 22 43 -67 18 23 123 30 -54 38 23 23 14 57 -16 -13 -54 -61 -21 70 -42 -13 -61 91 -8 51 40 4 72 -28 -39 49 -42 18 -20 28 -20 -5 -41 -43 -51 -23 16 -33 34 -31 8 -50 21 13 24 34 71 -49 -27 6 -1 1 -34 -49 22 -66 -3 46 24 -66 28 4 60 -50 5 72 59 68 -26 13 -33 5 -23 21 52 46 -70 -75 13 18 -38 57 -45 31 11 5 69 -11 -12 48 -33 29 -29 12 -19 3 -72 -21 -45 -91 18 2 33 -6 64 -61 -20 6 -8 -13 -17 -53 68 33 -47 29 -16 -29 -4 -39 -60 -25 -29 47 65 -78 47 42 40 51 12 -33 12 66 -73 -13 50 -5 -43 69 77 49 -26 -4 33 -27 -47 34 40 -34 52 4 89 32 -40 42 -1 -80 -22 -12 -91 24 34 -33 13 32 -58 -35 58 -3 -28 -29 -78 -44 9 21 -19 26 -38 47 -30 -30 -36 -29 -25 22 -97 25 30 28 107 36 -64 -5 38 -53 -21 23 47 2 24 10 30 59 17 22 6 -36 -8 17 36 -24 -9 19 90 -56 47 43 14 24 -19 -101 -4 -11 -38 28 30 6 -27 3 15 10 -81 -54 -46 -20 -27 40 27 19 0 29 -6 -42 -84 23 24 -56 -26 23 -53 74 32 -15 -14 15 12 -5 -35 7 22 -56 41 56 58 40 71 -46 -41 37 -50 -24 -28 -4 20 70 10 42 9 -19 41 -4 -75 -29 49 32 30 -38 58 -4 -78 50 36 -67 -32 -7 -98 -14 11 -10 -16 46 -4 32 41 -27 -20 -24 -2 -73 -10 -39 72 83 1 -23 -51 8 -19 -70 25 22 -47 61 59 -11 34 52 -10 -9 54 -8 -6 1 -33 10 34 13 -37 54 -26 53 14 6 -107 -40 34 8 -29 47 74 -43 76 44 -52 -2 -50 -97 -20 -3 -32 23 -1 -12 15 -27 -42 -12 21 -22 10 -3 -2 -58 102 43 -1 -65 66 16 -109 16 -3 -92 -25 23 -25 88 68 22 60 -28 -21 49 -44 5 57 -27 31 25 32 -19 2 39 -43 -70 -99 48 3 -7 45 46 -33 41 70 -24 50 -1 -56 -16 -58 -32 21 -57 8 69 -56 -20 61 -69 -54 -13 -76 2 -30 32 123 58 15 17 47 -46 -69 -34 -53 -31 -3 -9 35 41 -24 40 -18 -6 95 -42 2 78 -75 17 73 -70 78 -14 83 58 3 -164 -50 11 -81 -28 51 30 15 76 55 4 -9 -19 -11 -55 -17 44 -48 -5 54 -70 -16 45 -64 -10 81 -89 -32 -45 -133 99 61 -8 20 101 10 -14 45 -35 -79 -37 -34 -31 5 56 49 -18 16 30 -57 -17 58 -33 11 74 -45 -8 36 -56 86 24 -65 -33 62 -47 -19 1 -39 -33 25 28 30 38 34 -17 -33 3 -17 -24 16 26 -21 8 31 -39 -20 31 -20 -26 37 -47 | -14 90 134 -304 12 32 -250 -110 -22 86 -28 -252 -28 -64 26 48 -76 -76 18 -14 70 -146 2 -98 58 -30 -40 8 16 14 -94 64 -566 694 -2206 -2096 750 -758 206 -266 -20 60 -140 18 100 -18 -90 -66 30 -86 -12 60 -60 124 -116 118 -20 8 18 -76 118 -120 -60 84 -758 -846 -2072 2130 650 248 98 286 -116 -132 92 60 182 -8 -94 32 18 134 78 -130 -34 18 136 -116 -32 38 48 -20 -44 166 -124 40 248 -506 1186 682 -394 -1504 24 54 -216 192 -84 -32 -204 -22 96 -32 42 -56 66 -66 -24 144 -26 -2 -30 58 96 -200 38 62 34 -78 -272 -42 -674 118 -780 182 1014 84 40 -24 290 -132 16 82 148 88 -194 -28 -4 120 18 -48 -42 20 20 18 30 34 -100 136 -82 52 208 -94 140 160 140 622 -36 -542 -640 246 -260 130 -68 -12 -86 -148 144 -28 66 -34 -24 -80 -76 126 -12 -180 52 20 26 -104 32 44 -38 -166 -92 -98 -182 -296 -60 -344 860 276 88 -84 176 18 -156 58 98 176 -206 -46 36 66 -30 78 44 -144 10 126 -50 -4 -28 76 -196 14 186 264 -120 332 -124 180 46 -144 -650 -2 14 40 106 -106 100 -146 0 -4 94 26 -164 -12 38 8 22 -2 -80 6 2 -60 -94 -138 -6 -194 -120 8 132 -236 66 -194 322 460 -36 -40 28 104 -132 38 76 82 -22 -22 -28 -52 112 -38 50 -100 -8 118 66 -86 76 144 58 68 -76 214 -28 26 22 -56 90 12 -400 -306 174 -40 2 -76 88 -142 -174 80 88 92 -110 -16 0 62 -42 74 -8 -58 -100 -190 -98 98 -40 20 -128 26 132 -86 -186 102 12 322 126 24 -72 -6 28 44 12 72 110 -110 -14 -112 152 20 -10 -78 16 -20 92 -14 102 46 32 -46 -4 -72 264 -80 -4 12 84 -68 -198 -208 34 -56 -18 80 -26 -34 -184 -18 94 90 -84 20 8 80 36 100 6 -50 -148 48 -194 150 -2 -30 -122 46 -40 72 -92 20 -14 134 308 -10 -74 -6 28 58 34 50 154 -20 -114 -70 10 -42 -76 8 -10 -22 70 140 -58 70 206 -152 14 -50 100 -32 -64 54 -20 -66 -80 -98 -62 22 -42 82 -4 -144 -114 -88 2 138 108 -8 -62 38 68 -130 84 84 -218 -102 -30 -22 36 58 -36 -28 -22 44 86 -134 36 46 246 60 -108 76 46 46 28 114 -32 -26 -108 -122 -42 140 -84 -26 -122 182 -16 102 80 8 144 -56 -78 98 -84 36 -40 56 -40 -10 -82 -86 -102 -46 32 -66 68 -62 16 -100 42 26 48 68 142 -98 -54 12 -2 2 -68 -98 44 -132 -6 92 48 -132 56 8 120 -100 10 144 118 136 -52 26 -66 10 -46 42 104 92 -140 -150 26 36 -76 114 -90 62 22 10 138 -22 -24 96 -66 58 -58 24 -38 6 -144 -42 -90 -182 36 4 66 -12 128 -122 -40 12 -16 -26 -34 -106 136 66 -94 58 -32 -58 -8 -78 -120 -50 -58 94 130 -156 94 84 80 102 24 -66 24 132 -146 -26 100 -10 -86 138 154 98 -52 -8 66 -54 -94 68 80 -68 104 8 178 64 -80 84 -2 -160 -44 -24 -182 48 68 -66 26 64 -116 -70 116 -6 -56 -58 -156 -88 18 42 -38 52 -76 94 -60 -60 -72 -58 -50 44 -194 50 60 56 214 72 -128 -10 76 -106 -42 46 94 4 48 20 60 118 34 44 12 -72 -16 34 72 -48 -18 38 180 -112 94 86 28 48 -38 -202 -8 -22 -76 56 60 12 -54 6 30 20 -162 -108 -92 -40 -54 80 54 38 0 58 -12 -84 -168 46 48 -112 -52 46 -106 148 64 -30 -28 30 24 -10 -70 14 44 -112 82 112 116 80 142 -92 -82 74 -100 -48 -56 -8 40 140 20 84 18 -38 82 -8 -150 -58 98 64 60 -76 116 -8 -156 100 72 -134 -64 -14 -196 -28 22 -20 -32 92 -8 64 82 -54 -40 -48 -4 -146 -20 -78 144 166 2 -46 -102 16 -38 -140 50 44 -94 122 118 -22 68 104 -20 -18 108 -16 -12 2 -66 20 68 26 -74 108 -52 106 28 12 -214 -80 68 16 -58 94 148 -86 152 88 -104 -4 -100 -194 -40 -6 -64 46 -2 -24 30 -54 -84 -24 42 -44 20 -6 -4 -116 204 86 -2 -130 132 32 -218 32 -6 -184 -50 46 -50 176 136 44 120 -56 -42 98 -88 10 114 -54 62 50 64 -38 4 78 -86 -140 -198 96 6 -14 90 92 -66 82 140 -48 100 -2 -112 -32 -116 -64 42 -114 16 138 -112 -40 122 -138 -108 -26 -152 4 -60 64 246 116 30 34 94 -92 -138 -68 -106 -62 -6 -18 70 82 -48 80 -36 -12 190 -84 4 156 -150 34 146 -140 156 -28 166 116 6 -328 -100 22 -162 -56 102 60 30 152 110 8 -18 -38 -22 -110 -34 88 -96 -10 108 -140 -32 90 -128 -20 162 -178 -64 -90 -266 198 122 -16 40 202 20 -28 90 -70 -158 -74 -68 -62 10 112 98 -36 32 60 -114 -34 116 -66 22 148 -90 -16 72 -112 172 48 -130 -66 124 -94 -38 2 -78 -66 50 56 60 76 68 -34 -66 6 -34 -48 32 52 -42 16 62 -78 -40 62 -40 -52 74 -94 | 1024
gen_inv_range_8x8_dct: 16 16 16 16 16 16
gen_inv_range_8x8_adst: 16 16 16 16 16 16 16 16
b16_v: 11 22 33 44 55 66 77 88 99 110 120 130 140 150 160 170 11 22 33 44 55 66 77 88 99 110 120 130 140 150 160 170 11 22 33 44 55 66 77 88 99 110 120 130 140 150 160 170 11 22 33 44 55 66 77 88 99 110 120 130 140 150 160 170 11 22 33 44 55 66 77 88 99 110 120 130 140 150 160 170 11 22 33 44 55 66 77 88 99 110 120 130 140 150 160 170 11 22 33 44 55 66 77 88 99 110 120 130 140 150 160 170 11 22 33 44 55 66 77 88 99 110 120 130 140 150 160 170 11 22 33 44 55 66 77 88 99 110 120 130 140 150 160 170 11 22 33 44 55 66 77 88 99 110 120 130 140 150 160 170 11 22 33 44 55 66 77 88 99 110 120 130 140 150 160 170 11 22 33 44 55 66 77 88 99 110 120 130 140 150 160 170 11 22 33 44 55 66 77 88 99 110 120 130 140 150 160 170 11 22 33 44 55 66 77 88 99 110 120 130 140 150 160 170 11 22 33 44 55 66 77 88 99 110 120 130 140 150 160 170 11 22 33 44 55 66 77 88 99 110 120 130 140 150 160 170
b16_dc: 86 86 86 86 86 86 86 86 86 86 86 86 86 86 86 86 86 86 86 86 86 86 86 86 86 86 86 86 86 86 86 86 86 86 86 86 86 86 86 86 86 86 86 86 86 86 86 86 86 86 86 86 86 86 86 86 86 86 86 86 86 86 86 86 86 86 86 86 86 86 86 86 86 86 86 86 86 86 86 86 86 86 86 86 86 86 86 86 86 86 86 86 86 86 86 86 86 86 86 86 86 86 86 86 86 86 86 86 86 86 86 86 86 86 86 86 86 86 86 86 86 86 86 86 86 86 86 86 86 86 86 86 86 86 86 86 86 86 86 86 86 86 86 86 86 86 86 86 86 86 86 86 86 86 86 86 86 86 86 86 86 86 86 86 86 86 86 86 86 86 86 86 86 86 86 86 86 86 86 86 86 86 86 86 86 86 86 86 86 86 86 86 86 86 86 86 86 86 86 86 86 86 86 86 86 86 86 86 86 86 86 86 86 86 86 86 86 86 86 86 86 86 86 86 86 86 86 86 86 86 86 86 86 86 86 86 86 86 86 86 86 86 86 86 86 86 86 86 86 86 86 86 86 86 86 86
b16_dc128: 128 128 128 128 128 128 128 128 128 128 128 128 128 128 128 128 128 128 128 128 128 128 128 128 128 128 128 128 128 128 128 128 128 128 128 128 128 128 128 128 128 128 128 128 128 128 128 128 128 128 128 128 128 128 128 128 128 128 128 128 128 128 128 128 128 128 128 128 128 128 128 128 128 128 128 128 128 128 128 128 128 128 128 128 128 128 128 128 128 128 128 128 128 128 128 128 128 128 128 128 128 128 128 128 128 128 128 128 128 128 128 128 128 128 128 128 128 128 128 128 128 128 128 128 128 128 128 128 128 128 128 128 128 128 128 128 128 128 128 128 128 128 128 128 128 128 128 128 128 128 128 128 128 128 128 128 128 128 128 128 128 128 128 128 128 128 128 128 128 128 128 128 128 128 128 128 128 128 128 128 128 128 128 128 128 128 128 128 128 128 128 128 128 128 128 128 128 128 128 128 128 128 128 128 128 128 128 128 128 128 128 128 128 128 128 128 128 128 128 128 128 128 128 128 128 128 128 128 128 128 128 128 128 128 128 128 128 128 128 128 128 128 128 128 128 128 128 128 128 128 128 128 128 128 128 128
b16_d45: 23 33 44 55 66 77 88 99 110 120 130 140 150 160 170 180 33 44 55 66 77 88 99 110 120 130 140 150 160 170 180 190 44 55 66 77 88 99 110 120 130 140 150 160 170 180 190 200 55 66 77 88 99 110 120 130 140 150 160 170 180 190 200 210 66 77 88 99 110 120 130 140 150 160 170 180 190 200 210 220 77 88 99 110 120 130 140 150 160 170 180 190 200 210 220 230 88 99 110 120 130 140 150 160 170 180 190 200 210 220 230 238 99 110 120 130 140 150 160 170 180 190 200 210 220 230 238 242 110 120 130 140 150 160 170 180 190 200 210 220 230 238 242 241 120 130 140 150 160 170 180 190 200 210 220 230 238 242 241 234 130 140 150 160 170 180 190 200 210 220 230 238 242 241 234 225 140 150 160 170 180 190 200 210 220 230 238 242 241 234 225 215 150 160 170 180 190 200 210 220 230 238 242 241 234 225 215 205 160 170 180 190 200 210 220 230 238 242 241 234 225 215 205 195 170 180 190 200 210 220 230 238 242 241 234 225 215 205 195 186 180 190 200 210 220 230 238 242 241 234 225 215 205 195 186 180
b16_d135: 8 15 23 33 44 55 66 77 88 99 110 120 130 140 150 159 11 8 15 23 33 44 55 66 77 88 99 110 120 130 140 150 17 11 8 15 23 33 44 55 66 77 88 99 110 120 130 140 25 17 11 8 15 23 33 44 55 66 77 88 99 110 120 130 35 25 17 11 8 15 23 33 44 55 66 77 88 99 110 120 45 35 25 17 11 8 15 23 33 44 55 66 77 88 99 110 55 45 35 25 17 11 8 15 23 33 44 55 66 77 88 99 65 55 45 35 25 17 11 8 15 23 33 44 55 66 77 88 75 65 55 45 35 25 17 11 8 15 23 33 44 55 66 77 85 75 65 55 45 35 25 17 11 8 15 23 33 44 55 66 95 85 75 65 55 45 35 25 17 11 8 15 23 33 44 55 105 95 85 75 65 55 45 35 25 17 11 8 15 23 33 44 115 105 95 85 75 65 55 45 35 25 17 11 8 15 23 33 125 115 105 95 85 75 65 55 45 35 25 17 11 8 15 23 135 125 115 105 95 85 75 65 55 45 35 25 17 11 8 15 144 135 125 115 105 95 85 75 65 55 45 35 25 17 11 8
b16_d203: 11 14 18 22 26 30 34 39 43 47 51 56 60 64 68 73 19 23 28 32 36 40 44 49 53 57 61 66 70 74 78 83 29 33 38 42 46 50 54 59 63 67 71 76 80 84 88 93 39 43 48 52 56 60 64 69 73 77 81 86 90 94 98 103 49 53 58 62 66 70 74 79 83 87 91 96 100 104 108 113 59 63 68 72 76 80 84 89 93 97 101 106 110 114 118 123 69 73 78 82 86 90 94 99 103 107 111 116 120 124 128 133 79 83 88 92 96 100 104 109 113 117 121 126 130 134 138 143 89 93 98 102 106 110 114 119 123 127 131 136 140 144 147 150 99 103 108 112 116 120 124 129 133 137 141 145 148 151 153 154 109 113 118 122 126 130 134 139 143 147 149 152 153 155 155 155 119 123 128 132 136 140 144 148 150 153 154 155 155 155 155 155 129 133 138 142 146 149 152 153 154 155 155 155 155 155 155 155 139 143 147 150 152 154 155 155 155 155 155 155 155 155 155 155 148 151 153 154 155 155 155 155 155 155 155 155 155 155 155 155 153 155 155 155 155 155 155 155 155 155 155 155 155 155 155 155
b16_sm: 9 24 39 52 66 79 91 102 113 123 131 139 147 154 160 165 22 36 50 62 75 86 97 108 117 126 134 142 148 154 160 164 35 48 60 72 83 94 104 113 122 130 137 144 149 155 160 164 47 59 70 81 91 101 110 118 126 133 140 145 151 156 160 163 59 70 80 90 99 107 116 123 130 137 142 147 152 156 160 163 71 80 89 98 106 113 121 128 134 140 144 149 153 157 160 163 82 90 98 106 113 120 126 132 137 142 147 151 154 157 160 162 92 99 106 113 119 125 131 136 141 145 149 152 155 158 160 162 101 107 114 120 125 130 135 140 144 148 151 154 156 159 160 162 110 116 121 126 131 135 139 143 147 150 153 155 157 159 161 162 118 123 127 132 136 139 143 146 149 152 154 156 158 160 161 162 126 130 134 137 140 144 147 149 152 154 156 157 159 160 161 162 133 136 139 142 145 147 150 152 154 155 157 158 159 160 161 162 139 142 144 147 149 151 152 154 156 157 158 159 160 161 162 162 145 147 149 151 152 154 155 156 157 158 159 160 161 161 162 162 151 152 153 154 155 156 157 158 159 160 160 161 161 162 162 163
b16_paeth: 11 22 33 44 55 66 77 88 99 110 120 130 140 150 160 170 15 22 33 44 55 66 77 88 99 110 120 130 140 150 160 170 25 25 33 44 55 66 77 88 99 110 120 130 140 150 160 170 35 35 35 44 55 66 77 88 99 110 120 130 140 150 160 170 45 45 45 45 55 66 77 88 99 110 120 130 140 150 160 170 55 55 55 55 55 66 77 88 99 110 120 130 140 150 160 170 65 65 65 65 65 66 77 88 99 110 120 130 140 150 160 170 75 75 75 75 75 75 77 88 99 110 120 130 140 150 160 170 85 85 85 85 85 85 85 88 99 110 120 130 140 150 160 170 95 95 95 95 95 95 95 95 99 110 120 130 140 150 160 170 105 105 105 105 105 105 105 105 105 110 120 130 140 150 160 170 115 115 115 115 115 115 115 115 115 115 120 130 140 150 160 170 125 125 125 125 125 125 125 125 125 125 125 130 140 150 160 170 135 135 135 135 135 135 135 135 135 135 135 135 140 150 160 170 145 145 145 145 145 145 145 145 145 145 145 145 145 150 160 170 155 155 155 155 155 155 155 155 155 155 155 155 155 155 160 170
b16_fiv: 19 31 43 54 65 77 88 99 110 120 130 140 150 160 170 180 25 35 45 56 67 77 88 99 110 120 130 140 150 160 170 180 31 39 48 57 68 77 88 99 110 120 130 140 150 160 170 180 38 43 50 59 69 78 89 99 110 120 130 140 150 160 170 180 44 47 53 60 70 78 89 99 110 120 130 140 150 160 170 180 51 51 55 62 71 79 90 99 110 120 130 140 150 160 170 180 57 55 58 63 72 79 90 99 110 120 130 140 150 160 170 180 64 59 60 65 73 80 91 99 110 120 130 140 150 160 170 180 70 63 63 66 74 80 91 99 110 120 130 140 150 160 170 180 77 67 65 68 75 81 92 99 110 120 130 140 150 160 170 180 83 71 68 69 76 81 92 99 110 120 130 140 150 160 170 180 90 75 70 71 77 82 93 99 110 120 130 140 150 160 170 180 96 79 73 72 78 82 93 99 110 120 130 140 150 160 170 180 103 83 75 74 79 83 94 99 110 120 130 140 150 160 170 180 109 87 78 75 80 83 94 99 110 120 130 140 150 160 170 180 116 91 80 77 81 84 95 99 110 120 130 140 150 160 170 180
b5_v8: 31 12 77 4 50 23 68 15 31 12 77 4 50 23 68 15 31 12 77 4 50 23 68 15 31 12 77 4 50 23 68 15 31 12 77 4 50 23 68 15 31 12 77 4 50 23 68 15 31 12 77 4 50 23 68 15 31 12 77 4 50 23 68 15
b5_dc128_8: 128 128 128 128 128 128 128 128 128 128 128 128 128 128 128 128 128 128 128 128 128 128 128 128 128 128 128 128 128 128 128 128 128 128 128 128 128 128 128 128 128 128 128 128 128 128 128 128 128 128 128 128 128 128 128 128 128 128 128 128 128 128 128 128
b5_d67_8: 14 21 63 82 51 64 74 88 18 27 90 59 57 68 78 90 21 51 89 51 63 73 85 78 24 81 68 54 67 77 89 57 39 95 50 61 71 82 85 37 71 77 52 65 75 89 65 27 97 53 59 70 80 90 43 25 84 51 64 74 87 73 30 42
b5_fiv8: 27 34 43 51 61 70 80 90 33 38 45 53 62 71 81 90 39 42 48 54 63 71 81 90 46 46 50 56 64 72 82 90 52 50 53 57 65 72 82 90 59 54 55 59 66 73 83 90 65 58 58 60 67 73 83 90 72 62 60 62 68 74 84 90
b5_d45ef_8: 20 30 40 50 60 70 80 69 30 40 50 60 70 80 69 36 40 50 60 70 80 69 36 25 50 60 70 80 69 36 25 35 60 70 80 69 36 25 35 45 70 80 69 36 25 35 45 55 80 69 36 25 35 45 55 65 69 36 25 35 45 55 65 73
b7_modes: 1 5 3 0
b7_recon: 21 3 5 9 19 2 8 14 7 13 5 1 25 4 6 18 15 4 25 2 12 9 30 3 10 16 6 12 3 25 11 9 18 5 7 13 14 2 20 8 6 24 3 9 11 17 5 19 22 1 8 15 4 29 7 13 16 28 12 20 2 31 9 26 9 11 3 7 5 23 1 17 15 4 25 2 12 9 30 3 10 16 6 12 3 25 11 9 18 5 7 13 14 2 20 8 6 24 3 9 11 17 5 19 22 1 8 15 4 29 7 13 16 28 12 20 2 31 9 26 21 3 5 9 19 2 8 14 7 13 5 1 25 4 6 18 15 4 25 2 12 9 30 3 10 16 6 12 3 25 11 9 18 5 7 13 14 2 20 8 6 24 3 9 11 17 5 19 22 1 8 15 4 29 7 13 16 28 12 20 2 31 9 26 9 11 3 7 5 23 1 17 15 4 25 2 12 9 30 3 10 16 6 12 3 25 11 9 18 5 7 13 14 2 20 8 6 24 3 9 11 17 5 19 22 1 8 15 4 29 7 13 16 28 12 20 2 31 9 26 21 3 5 9 19 2 8 14 7 13 5 1 25 4 6 18
b7_coeffs: -7356 -37 78 92 -7 7 69 -102 -76 16 -21 31 83 158 -31 274 75 29 28 -63 7 -39 -68 59 -85 -9 -14 19 14 -76 -4 -8 28 -4 23 20 82 -42 111 -119 -30 9 -6 25 115 -34 -16 -33 9 21 3 7 56 34 -39 -39 -59 -3 13 -37 80 -87 -77 20 -83 9 99 90 11 -27 19 -45 -16 -51 -14 -33 -61 -142 -30 -69 -109 -21 -43 13 113 -86 -14 38 -43 -9 -22 20 4 92 -41 170 37 11 20 -39 24 -20 -4 132 63 -15 20 -6 43 -98 60 -154 -57 5 6 -47 105 -79 -125 112 -48 -19 -19 15 -35 -2 17 108 -120 -174 71 44 4 -17 32 -42 -131 28 83 -59 -64 -179 -43 -82 -103 80 -80 -65 118 -69 2 39 -81 -31 -133 26 71 82 -21 171 21 24 -6 28 -42 -42 -4 117 64 -28 16 -18 38 -40 72 -149 -55 11 9 -34 117 -77 -148 103 -48 -24 -23 10 -38 -3 11 114 4 -52 70 80 -29 -43 56 -100 -37 12 -19 47 -24 218 23 146 37 10 1 -47 13 37 -81 217 47 18 7 -39 -117 12 -62 12 -76 -19 -24 5 -45 -22 -12 116 80 -7 30 -13 -63 -8 105 -94 -42 -17 -20 23 8 -33 28 58 81 13 -4 34 -62 95 75 -63
inv2d_dct_onto_vpred: 21 3 5 9 9 11 3 7 7 13 5 1 15 4 25 2
inv2d_adst_onto_vpred: 6 29 20 7 5 29 6 0 10 18 6 0 0 18 7 0
inv2d_adst_onto_dcpred: 23 16 17 14 22 16 3 4 27 5 3 0 15 5 4 0
e1_v_dct: -520 140 324 202 -17 18 102 -68 56 3 36 120 -18 23 6 -22
e1_dc_dct: -631 53 4 55 -16 2 45 -26 -12 -27 -47 -2 2 -2 16 53
fi_mode0: 25 30 35 44 31 32 36 41 39 37 39 41 47 44 43 44
fi_mode1: 27 34 43 51 33 38 45 53 39 42 48 54 46 46 50 56
fi_mode2: 26 31 36 41 34 36 39 41 43 44 45 46 52 52 53 54
fi_mode3: 22 26 33 40 28 28 31 35 36 33 33 34 45 40 38 37
fi_mode4: 28 36 44 52 36 41 48 54 44 47 53 57 52 54 58 61
e5_d67_on: 14 21 63 82 18 27 90 59 21 51 89 51 24 81 68 54
e5_d67_off: 14 24 58 80 18 28 89 58 23 48 88 53 27 78 66 57
sad4x4_ramp_vs_zero 136
sad4x4_revramp_stride8 576
sad8x8_revramp_stride8 2048
f1_recon: 21 3 5 9 19 2 8 14 9 11 3 7 5 23 1 17 7 13 5 1 25 4 6 18 15 4 25 2 12 9 30 3 18 5 7 13 14 2 20 8 6 24 3 9 11 17 5 19 22 1 8 15 4 29 7 13 10 16 6 12 3 25 11 9
f1_coeffs: -3784 78 4 54 -17 18 102 -68 56 3 36 120 -18 23 6 -22 104 17 60 28 -37 -5 85 -102 -4 -1 -64 144 7 34 143 85 -18 -3 166 -326 -6 9 6 5 -1 -9 6 15 9 -3 125 131 -37 -15 122 -356 -12 -8 91 140 -25 3 -25 118 -2 9 -45 17
d2_v: 160 0 240 200 200 120 231 240 121 67 109 40 0
d2_h: 80 120 0 120 100 115 59 62 120 33 20 54 0
d2_dc: 0 0 0 0 0 0 0 0 0 0 0 0 0
d2_d45: 410 400 400 0 560 508 508 279 233 289 289 289 300
d3_modes: 1 1 0 7
d3_recon: 21 3 5 9 19 2 8 14 9 11 3 7 5 23 1 17 7 13 5 1 25 4 6 18 15 4 25 2 12 9 30 3 18 5 7 13 14 2 20 8 6 24 3 9 11 17 5 19 22 1 8 15 4 29 7 13 10 16 6 12 3 25 11 9
d3_coeffs: -3784 78 4 54 -17 18 102 -68 56 3 36 120 -18 23 6 -22 104 17 60 28 -37 -5 85 -102 -4 -1 -64 144 7 34 143 85 -34 42 71 -50 -6 9 6 5 -1 -9 6 15 9 -3 125 131 0 -9 -72 -96 -6 4 88 141 -4 13 -35 116 6 1 -59 16
qscan4: 0 1 4 8 5 2 3 6 9 12 13 10 7 11 14 15
qtab_q0: 1 1 16384 16384 16384 16384 2 2 2 2 2 2 4 4
qtab_q1: 1 1 8192 8192 8192 8192 4 4 5 5 3 3 8 8
qtab_q100: -20435 -28086 1024 1024 704 585 46 56 61 74 34 42 93 112
qtab_q200: -22406 -13025 256 128 168 102 194 319 243 399 145 239 389 639
qtab_q255: -15304 -28824 64 64 49 35 668 914 835 1143 501 685 1336 1828
qfp_q0: -946 20 1 14 -4 5 26 -17 14 1 9 30 -5 6 2 -6 | -3784 80 4 56 -16 20 104 -68 56 4 36 120 -20 24 8 -24 | 16
qb_q0: -946 20 1 14 -4 5 26 -17 14 1 9 30 -5 6 2 -6 | -3784 80 4 56 -16 20 104 -68 56 4 36 120 -20 24 8 -24 | 16
qfp_q1: -473 10 1 7 -2 2 13 -9 7 0 5 15 -2 3 1 -3 | -3784 80 8 56 -16 16 104 -72 56 0 40 120 -16 24 8 -24 | 16
qb_q1: -473 10 0 7 -2 2 13 -8 7 0 4 15 -2 3 1 -3 | -3784 80 0 56 -16 16 104 -64 56 0 32 120 -16 24 8 -24 | 16
qfp_q100: -41 1 0 0 0 0 1 -1 0 0 0 1 0 0 0 0 | -3813 112 0 0 0 0 112 -112 0 0 0 112 0 0 0 0 | 14
qb_q100: -41 1 0 0 0 0 1 0 0 0 0 1 0 0 0 0 | -3813 112 0 0 0 0 112 0 0 0 0 112 0 0 0 0 | 14
qfp_q200: -10 0 0 0 0 0 0 0 0 0 0 0 0 0 0 0 | -3890 0 0 0 0 0 0 0 0 0 0 0 0 0 0 0 | 1
qb_q200: -10 0 0 0 0 0 0 0 0 0 0 0 0 0 0 0 | -3890 0 0 0 0 0 0 0 0 0 0 0 0 0 0 0 | 1
qfp_q255: -3 0 0 0 0 0 0 0 0 0 0 0 0 0 0 0 | -4008 0 0 0 0 0 0 0 0 0 0 0 0 0 0 0 | 1
qb_q255: -3 0 0 0 0 0 0 0 0 0 0 0 0 0 0 0 | -4008 0 0 0 0 0 0 0 0 0 0 0 0 0 0 0 | 1
q2f_modes: 1 1 0 0
q2f_recon: 16 7 0 9 19 4 7 18 11 15 0 8 11 21 0 22 10 14 6 2 23 0 6 20 12 4 21 0 9 10 26 2 18 4 9 16 15 4 16 10 8 19 7 13 7 19 6 12 23 0 10 18 1 28 5 11 13 13 8 15 1 25 13 6
q2f_coeffs: -41 1 0 0 0 0 1 -1 0 0 0 1 0 0 0 0 1 0 1 0 0 0 1 -1 0 0 -1 1 0 0 1 1 1 0 1 0 0 0 0 0 0 0 0 0 0 0 1 1 -1 0 -1 -1 0 0 1 1 0 0 0 1 0 0 0 0
qscan8: 0 1 8 16 9 2 3 10 17 24 32 25 18 11 4 5 12 19 26 33 40 48 41 34 27 20 13 6 7 14 21 28 35 42 49 56 57 50 43 36 29 22 15 23 30 37 44 51 58 59 52 45 38 31 39 46 53 60 61 54 47 55 62 63
q8fp_q100: 30 -1 0 0 0 0 1 -3 -2 -1 -1 1 0 -1 -1 -3 -1 1 -2 2 -1 1 3 -1 0 -1 -1 2 1 -2 5 -3 0 0 0 -1 2 -1 -2 3 -1 -1 -1 -1 1 2 -4 -7 1 0 1 -1 -3 3 -1 -1 -1 0 -3 0 -3 -4 -4 -1 | 2790 -112 0 0 0 0 112 -336 -224 -112 -112 112 0 -112 -112 -336 -112 112 -224 224 -112 112 336 -112 0 -112 -112 224 112 -224 560 -336 0 0 0 -112 224 -112 -224 336 -112 -112 -112 -112 112 224 -448 -784 112 0 112 -112 -336 336 -112 -112 -112 0 -336 0 -336 -448 -448 -112 | 64
q8b_q100: 29 -1 0 0 0 0 1 -3 -2 -1 -1 1 0 -1 0 -3 0 1 -2 2 -1 1 2 0 0 -1 -1 2 1 -2 4 -3 0 0 0 -1 2 -1 -2 3 0 -1 -1 -1 1 2 -3 -7 1 0 0 0 -3 3 0 -1 -1 0 -3 0 -3 -4 -4 -1 | 2697 -112 0 0 0 0 112 -336 -224 -112 -112 112 0 -112 0 -336 0 112 -224 224 -112 112 224 0 0 -112 -112 224 112 -224 448 -336 0 0 0 -112 224 -112 -224 336 0 -112 -112 -112 112 224 -336 -784 112 0 0 0 -336 336 0 -112 -112 0 -336 0 -336 -448 -448 -112 | 64
q8fp_q0: 689 -31 13 4 -8 5 22 -86 -54 -27 -32 22 -13 -24 -18 -92 -16 34 -53 52 -22 37 72 -15 -7 -19 -41 47 30 -68 127 -94 -5 -3 -3 -27 53 -41 -70 80 -18 -25 -41 -35 41 46 -100 -191 33 3 17 -15 -90 80 -15 -21 -31 9 -85 -4 -83 -116 -125 -33 | 2756 -124 52 16 -32 20 88 -344 -216 -108 -128 88 -52 -96 -72 -368 -64 136 -212 208 -88 148 288 -60 -28 -76 -164 188 120 -272 508 -376 -20 -12 -12 -108 212 -164 -280 320 -72 -100 -164 -140 164 184 -400 -764 132 12 68 -60 -360 320 -60 -84 -124 36 -340 -16 -332 -464 -500 -132 | 64
qadst4fp_q100: 2 1 0 0 0 0 0 0 0 0 0 0 0 0 0 0 | 186 112 0 0 0 0 0 0 0 0 0 0 0 0 0 0 | 2
qadst4b_q100: 1 0 0 0 0 0 0 0 0 0 0 0 0 0 0 0 | 93 0 0 0 0 0 0 0 0 0 0 0 0 0 0 0 | 1
qadst8fp_q100: 25 6 5 3 2 2 3 1 6 1 2 1 1 1 0 -3 3 2 0 2 -2 2 1 1 3 1 -2 2 0 -3 7 -1 2 1 0 1 2 -3 0 4 1 0 -2 -2 3 1 2 -4 3 0 1 0 -2 3 4 -1 1 2 -1 2 0 0 -3 -6 | 2325 672 560 336 224 224 336 112 672 112 224 112 112 112 0 -336 336 224 0 224 -224 224 112 112 336 112 -224 224 0 -336 784 -112 224 112 0 112 224 -336 0 448 112 0 -224 -224 336 112 224 -448 336 0 112 0 -224 336 448 -112 112 224 -112 224 0 0 -336 -672 | 64
q16fp_q100: 0 3 -33 -5 -2 2 -4 -4 1 1 -2 -1 2 -2 2 -1 -3 -33 -6 22 -12 0 2 5 -2 -1 3 0 0 -2 1 -1 -2 -7 16 -10 -3 11 -6 1 -1 1 0 -3 0 3 -1 1 -2 -4 3 -5 9 -4 -4 4 -1 -1 -2 4 0 -1 -2 2 0 -3 4 -1 0 -4 5 -2 -3 5 -1 0 -3 3 0 -2 1 -3 2 -2 3 -2 0 1 2 -2 -3 3 0 0 -1 2 1 -2 4 -3 0 -1 3 -2 -1 1 0 1 -1 1 -1 0 -2 0 2 -3 3 -1 0 -2 2 0 -1 1 -1 -1 1 -1 -1 1 0 -1 4 -4 2 0 0 -2 2 -2 0 2 -1 0 1 -1 0 1 -1 -1 3 -3 3 -1 1 -2 1 1 -2 3 2 -2 1 0 -1 2 -2 -2 4 -3 0 1 1 -2 1 0 0 -1 1 -1 2 -2 0 3 -4 -1 4 -3 1 -2 5 -5 -1 1 0 -1 2 -2 0 0 -2 3 -1 -4 7 -6 0 4 -1 0 1 0 -2 1 2 -4 3 0 -1 1 0 -2 5 -4 1 0 -2 2 1 -1 0 -1 5 -6 2 3 -7 5 0 -2 -2 1 2 -1 -1 0 3 -4 1 0 2 -5 3 4 -10 8 | 0 336 -3696 -560 -224 224 -448 -448 112 112 -224 -112 224 -224 224 -112 -336 -3696 -672 2464 -1344 0 224 560 -224 -112 336 0 0 -224 112 -112 -224 -784 1792 -1120 -336 1232 -672 112 -112 112 0 -336 0 336 -112 112 -224 -448 336 -560 1008 -448 -448 448 -112 -112 -224 448 0 -112 -224 224 0 -336 448 -112 0 -448 560 -224 -336 560 -112 0 -336 336 0 -224 112 -336 224 -224 336 -224 0 112 224 -224 -336 336 0 0 -112 224 112 -224 448 -336 0 -112 336 -224 -112 112 0 112 -112 112 -112 0 -224 0 224 -336 336 -112 0 -224 224 0 -112 112 -112 -112 112 -112 -112 112 0 -112 448 -448 224 0 0 -224 224 -224 0 224 -112 0 112 -112 0 112 -112 -112 336 -336 336 -112 112 -224 112 112 -224 336 224 -224 112 0 -112 224 -224 -224 448 -336 0 112 112 -224 112 0 0 -112 112 -112 224 -224 0 336 -448 -112 448 -336 112 -224 560 -560 -112 112 0 -112 224 -224 0 0 -224 336 -112 -448 784 -672 0 448 -112 0 112 0 -224 112 224 -448 336 0 -112 112 0 -224 560 -448 112 0 -224 224 112 -112 0 -112 560 -672 224 336 -784 560 0 -224 -224 112 224 -112 -112 0 336 -448 112 0 224 -560 336 448 -1120 896 | 256
q16b_q100: 0 3 -33 -5 -2 1 -4 -4 1 1 -2 -1 2 -2 2 -1 -3 -33 -6 22 -12 0 2 5 -2 -1 3 0 0 -2 1 -1 -2 -7 16 -10 -3 11 -6 0 -1 1 0 -3 0 3 -1 1 -2 -3 3 -5 9 -4 -4 4 -1 0 -2 4 0 -1 -2 2 0 -3 4 -1 0 -4 5 -2 -3 5 -1 0 -3 3 0 -2 0 -3 2 -2 3 -2 0 1 2 -2 -3 3 0 0 0 2 0 -1 3 -3 0 0 3 -2 -1 1 0 0 -1 0 0 0 -1 0 2 -3 3 -1 0 -2 2 0 -1 1 -1 0 1 -1 -1 1 0 -1 4 -4 2 0 0 -1 2 -1 0 2 -1 0 1 -1 0 1 -1 -1 3 -3 3 -1 1 -2 1 1 -2 3 2 -2 1 0 -1 2 -1 -1 4 -3 0 0 1 -2 1 0 0 -1 1 -1 2 -2 0 3 -4 -1 4 -3 1 -2 5 -5 -1 1 0 -1 2 -2 0 0 -2 3 -1 -4 7 -6 0 4 -1 0 1 0 -2 1 2 -4 2 0 0 1 0 -2 5 -4 1 0 -2 2 1 -1 0 -1 5 -6 2 3 -6 5 0 -2 -2 1 2 -1 -1 0 3 -4 1 0 2 -4 3 4 -10 8 | 0 336 -3696 -560 -224 112 -448 -448 112 112 -224 -112 224 -224 224 -112 -336 -3696 -672 2464 -1344 0 224 560 -224 -112 336 0 0 -224 112 -112 -224 -784 1792 -1120 -336 1232 -672 0 -112 112 0 -336 0 336 -112 112 -224 -336 336 -560 1008 -448 -448 448 -112 0 -224 448 0 -112 -224 224 0 -336 448 -112 0 -448 560 -224 -336 560 -112 0 -336 336 0 -224 0 -336 224 -224 336 -224 0 112 224 -224 -336 336 0 0 0 224 0 -112 336 -336 0 0 336 -224 -112 112 0 0 -112 0 0 0 -112 0 224 -336 336 -112 0 -224 224 0 -112 112 -112 0 112 -112 -112 112 0 -112 448 -448 224 0 0 -112 224 -112 0 224 -112 0 112 -112 0 112 -112 -112 336 -336 336 -112 112 -224 112 112 -224 336 224 -224 112 0 -112 224 -112 -112 448 -336 0 0 112 -224 112 0 0 -112 112 -112 224 -224 0 336 -448 -112 448 -336 112 -224 560 -560 -112 112 0 -112 224 -224 0 0 -224 336 -112 -448 784 -672 0 448 -112 0 112 0 -224 112 224 -448 224 0 0 112 0 -224 560 -448 112 0 -224 224 112 -112 0 -112 560 -672 224 336 -672 560 0 -224 -224 112 224 -112 -112 0 336 -448 112 0 224 -448 336 448 -1120 896 | 256
q16fp_q0: 2 75 -932 -148 -64 45 -117 -118 21 29 -67 -34 67 -48 53 -28 -81 -914 -161 626 -340 9 47 139 -67 -31 78 -6 2 -62 24 -28 -46 -195 452 -287 -83 309 -173 17 -19 24 8 -75 -2 87 -27 25 -60 -100 77 -134 251 -112 -110 125 -21 -16 -65 120 -11 -32 -58 60 13 -76 125 -42 13 -116 147 -69 -77 139 -22 -1 -96 85 14 -64 18 -82 55 -62 88 -59 3 28 51 -55 -78 74 4 -11 -15 52 15 -44 99 -83 -2 -16 93 -61 -26 35 -6 18 -23 17 -15 -4 -43 1 54 -93 92 -27 11 -70 52 11 -19 36 -28 -16 28 -26 -32 30 -12 -41 110 -103 49 5 0 -45 54 -45 -11 65 -37 7 22 -35 5 41 -39 -32 74 -84 78 -41 42 -55 22 22 -68 75 61 -55 21 -6 -36 69 -44 -43 119 -98 12 18 29 -48 22 -12 -9 -21 26 -20 49 -50 1 94 -106 -29 121 -96 40 -48 131 -139 -22 32 -10 -34 62 -49 11 7 -48 89 -25 -103 203 -171 -9 109 -23 7 31 -7 -55 26 63 -102 71 -13 -18 24 -11 -59 133 -111 34 -10 -64 54 28 -31 -11 -24 134 -172 58 95 -183 139 3 -62 -50 27 46 -37 -24 4 83 -110 41 -5 67 -129 89 110 -293 228 | 8 300 -3728 -592 -256 180 -468 -472 84 116 -268 -136 268 -192 212 -112 -324 -3656 -644 2504 -1360 36 188 556 -268 -124 312 -24 8 -248 96 -112 -184 -780 1808 -1148 -332 1236 -692 68 -76 96 32 -300 -8 348 -108 100 -240 -400 308 -536 1004 -448 -440 500 -84 -64 -260 480 -44 -128 -232 240 52 -304 500 -168 52 -464 588 -276 -308 556 -88 -4 -384 340 56 -256 72 -328 220 -248 352 -236 12 112 204 -220 -312 296 16 -44 -60 208 60 -176 396 -332 -8 -64 372 -244 -104 140 -24 72 -92 68 -60 -16 -172 4 216 -372 368 -108 44 -280 208 44 -76 144 -112 -64 112 -104 -128 120 -48 -164 440 -412 196 20 0 -180 216 -180 -44 260 -148 28 88 -140 20 164 -156 -128 296 -336 312 -164 168 -220 88 88 -272 300 244 -220 84 -24 -144 276 -176 -172 476 -392 48 72 116 -192 88 -48 -36 -84 104 -80 196 -200 4 376 -424 -116 484 -384 160 -192 524 -556 -88 128 -40 -136 248 -196 44 28 -192 356 -100 -412 812 -684 -36 436 -92 28 124 -28 -220 104 252 -408 284 -52 -72 96 -44 -236 532 -444 136 -40 -256 216 112 -124 -44 -96 536 -688 232 380 -732 556 12 -248 -200 108 184 -148 -96 16 332 -440 164 -20 268 -516 356 440 -1172 912 | 256
qw8_modes: 1 0 3 0
qw8_recon: 19 1 9 8 18 0 6 18 13 14 10 0 21 9 7 15 17 7 22 4 10 10 26 7 12 19 5 14 0 23 14 9 19 6 5 8 13 7 15 9 10 26 0 8 13 17 5 17 29 0 11 17 0 31 5 15 18 25 14 18 3 35 13 18 12 12 0 5 3 23 0 13 23 2 24 5 14 5 36 3 11 20 12 4 2 29 10 10 20 4 8 8 18 0 21 8 11 25 4 12 13 15 10 18 24 10 16 15 9 25 11 19 18 25 17 23 5 30 16 22 16 6 0 7 18 0 6 13 10 15 6 0 23 1 3 20 18 8 19 4 11 6 33 2 4 21 6 3 0 26 6 8 19 7 0 14 16 0 18 10 9 30 4 9 15 22 8 18 27 6 18 21 1 30 14 17 15 24 11 21 3 28 13 20 16 11 4 11 5 20 0 17 17 0 26 1 10 2 30 5 14 15 4 16 0 23 10 11 21 1 10 10 16 0 23 7 10 25 0 7 16 11 10 14 26 2 9 20 5 16 12 14 15 31 10 19 1 39 9 20 16 7 5 9 16 0 9 20 13 12 3 0 26 0 6 15
qw8_coeffs: -79 0 1 1 0 0 1 -1 -1 0 0 0 1 1 0 2 1 0 0 -1 0 0 -1 1 -1 0 0 0 0 -1 0 0 0 0 0 0 1 0 1 -1 0 0 0 0 1 0 0 0 0 0 0 0 0 0 0 0 -1 0 0 0 1 -1 -1 0 -1 0 1 1 0 0 0 0 0 0 0 0 -1 -1 0 -1 -1 0 0 0 1 -1 0 0 0 0 0 0 0 1 0 2 0 0 0 0 0 0 0 1 1 0 0 0 0 -1 1 -1 -1 0 0 0 1 -1 -1 1 0 0 0 0 0 0 0 1 -1 -2 1 0 0 0 0 0 -2 0 1 0 -1 -2 0 -1 -1 1 0 -1 1 -1 0 0 -1 0 -1 0 1 1 0 2 0 0 0 0 0 0 0 1 1 0 0 0 1 0 0 -1 0 0 0 0 1 -1 -1 1 0 0 0 0 0 0 0 1 1 0 1 1 0 0 0 -1 0 0 0 0 0 2 0 1 0 0 0 0 0 0 -1 2 0 0 0 0 -1 0 -1 0 -1 0 0 0 0 0 0 1 1 0 0 0 -1 0 1 -1 0 0 0 0 0 0 0 1 1 0 0 0 -1 1 1 -1
b9_vd1_8: 30 13 74 8 48 24 66 18 29 13 72 11 45 26 64 20 28 14 69 15 43 27 62 23 27 15 66 18 40 28 60 26 26 15 63 22 38 30 58 29 25 16 61 25 35 31 56 31 24 17 58 29 33 32 54 34 23 17 55 33 31 34 52 37
b9_hm1_8: 14 13 13 13 13 12 12 12 4 4 5 5 6 6 7 8 8 7 7 7 7 6 6 6 13 13 12 12 12 12 12 12 17 17 17 17 17 16 16 16 9 10 10 11 11 11 12 12 18 18 17 17 16 16 15 15 26 25 25 25 25 24 24 24
b9_vd1_4: 30 13 74 8 29 13 72 12 28 14 69 16 27 15 66 19
b9_hm1_4: 14 13 13 13 4 4 5 5 8 7 7 7 13 13 12 12
fr_modes: 1 7 7 7 3 3 3 3 2 2 2 2 0 0 0 0
fr_recon: 10 20 30 40 50 60 70 80 90 100 110 120 130 140 150 160 20 30 40 50 60 70 80 90 100 110 120 130 140 150 160 170 30 40 50 60 70 80 90 100 110 120 130 140 150 160 170 180 40 50 60 70 80 90 100 110 120 130 140 150 160 170 180 190 50 60 70 80 90 100 110 120 130 140 150 160 170 180 190 200 60 70 80 90 100 110 120 130 140 150 160 170 180 190 200 210 70 80 90 100 110 120 130 140 150 160 170 180 190 200 210 220 80 90 100 110 120 130 140 150 160 170 180 190 200 210 220 230 0 0 0 0 0 0 0 0 0 0 0 0 0 0 0 0 0 0 0 0 0 0 0 0 0 0 0 0 0 0 0 0 0 0 0 0 0 0 0 0 0 0 0 0 0 0 0 0 0 0 0 0 0 0 0 0 0 0 0 0 0 0 0 0 0 0 0 0 0 0 0 0 0 0 0 0 0 0 0 0 0 0 0 0 0 0 0 0 0 0 0 0 0 0 0 0 0 0 0 0 0 0 0 0 0 0 0 0 0 0 0 0 0 0 0 0 0 0 0 0 0 0 0 0 0 0 0 0
fr_coeffs: -2785 -356 0 -25 -356 0 0 0 0 0 0 0 -25 0 0 0 558 -257 5 -21 -112 72 -1 5 74 -21 -6 -2 -25 -8 16 0 558 -257 5 -21 -112 72 -1 5 74 -21 -6 -2 -25 -8 16 0 558 -257 5 -21 -112 72 -1 5 74 -21 -6 -2 -25 -8 16 0 0 0 0 0 0 0 0 0 0 0 0 0 0 0 0 0 0 0 0 0 0 0 0 0 0 0 0 0 0 0 0 0 0 0 0 0 0 0 0 0 0 0 0 0 0 0 0 0 400 -268 40 -19 -267 96 37 0 40 37 0 -15 -19 0 -15 -16 -2560 0 0 0 0 0 0 0 0 0 0 0 0 0 0 0 0 0 0 0 0 0 0 0 0 0 0 0 0 0 0 0 0 0 0 0 0 0 0 0 0 0 0 0 0 0 0 0 0 0 0 0 0 0 0 0 0 0 0 0 0 0 0 0 0 0 0 0 0 0 0 0 0 0 0 0 0 0 0 0 0 0 0 0 0 0 0 0 0 0 0 0 0 0 0 0 0 0 0 0 0 0 0 0 0 0 0 0 0 0 0 0 0 0 0 0 0 0 0 0 0 0 0 0 0 0 0 0
f16_modes: 1 7 2 2
f16_recon: 4 8 12 16 20 24 28 32 36 40 44 48 52 56 60 64 68 72 76 80 84 88 92 96 100 104 108 112 116 120 124 128 8 12 16 20 24 28 32 36 40 44 48 52 56 60 64 68 72 76 80 84 88 92 96 100 104 108 112 116 120 124 128 132 12 16 20 24 28 32 36 40 44 48 52 56 60 64 68 72 76 80 84 88 92 96 100 104 108 112 116 120 124 128 132 136 16 20 24 28 32 36 40 44 48 52 56 60 64 68 72 76 80 84 88 92 96 100 104 108 112 116 120 124 128 132 136 140 20 24 28 32 36 40 44 48 52 56 60 64 68 72 76 80 84 88 92 96 100 104 108 112 116 120 124 128 132 136 140 144 24 28 32 36 40 44 48 52 56 60 64 68 72 76 80 84 88 92 96 100 104 108 112 116 120 124 128 132 136 140 144 148 28 32 36 40 44 48 52 56 60 64 68 72 76 80 84 88 92 96 100 104 108 112 116 120 124 128 132 136 140 144 148 152 32 36 40 44 48 52 56 60 64 68 72 76 80 84 88 92 96 100 104 108 112 116 120 124 128 132 136 140 144 148 152 156 36 40 44 48 52 56 60 64 68 72 76 80 84 88 92 96 100 104 108 112 116 120 124 128 132 136 140 144 148 152 156 160 40 44 48 52 56 60 64 68 72 76 80 84 88 92 96 100 104 108 112 116 120 124 128 132 136 140 144 148 152 156 160 164 44 48 52 56 60 64 68 72 76 80 84 88 92 96 100 104 108 112 116 120 124 128 132 136 140 144 148 152 156 160 164 168 48 52 56 60 64 68 72 76 80 84 88 92 96 100 104 108 112 116 120 124 128 132 136 140 144 148 152 156 160 164 168 172 52 56 60 64 68 72 76 80 84 88 92 96 100 104 108 112 116 120 124 128 132 136 140 144 148 152 156 160 164 168 172 176 56 60 64 68 72 76 80 84 88 92 96 100 104 108 112 116 120 124 128 132 136 140 144 148 152 156 160 164 168 172 176 180 60 64 68 72 76 80 84 88 92 96 100 104 108 112 116 120 124 128 132 136 140 144 148 152 156 160 164 168 172 176 180 184 64 68 72 76 80 84 88 92 96 100 104 108 112 116 120 124 128 132 136 140 144 148 152 156 160 164 168 172 176 180 184 188 0 0 0 0 0 0 0 0 0 0 0 0 0 0 0 0 0 0 0 0 0 0 0 0 0 0 0 0 0 0 0 0 0 0 0 0 0 0 0 0 0 0 0 0 0 0 0 0 0 0 0 0 0 0 0 0 0 0 0 0 0 0 0 0 0 0 0 0 0 0 0 0 0 0 0 0 0 0 0 0 0 0 0 0 0 0 0 0 0 0 0 0 0 0 0 0 0 0 0 0 0 0 0 0 0 0 0 0 0 0 0 0 0 0 0 0 0 0 0 0 0 0 0 0 0 0 0 0 0 0 0 0 0 0 0 0 0 0 0 0 0 0 0 0 0 0 0 0 0 0 0 0 0 0 0 0 0 0 0 0 0 0 0 0 0 0 0 0 0 0 0 0 0 0 0 0 0 0 0 0 0 0 0 0 0 0 0 0 0 0 0 0 0 0 0 0 0 0 0 0 0 0 0 0 0 0 0 0 0 0 0 0 0 0 0 0 0 0 0 0 0 0 0 0 0 0 0 0 0 0 0 0 0 0 0 0 0 0 0 0 0 0 0 0 0 0 0 0 0 0 0 0 0 0 0 0 0 0 0 0 0 0 0 0 0 0 0 0 0 0 0 0 0 0 0 0 0 0 0 0 0 0 0 0 0 0 0 0 0 0 0 0 0 0 0 0 0 0 0 0 0 0 0 0 0 0 0 0 0 0 0 0 0 0 0 0 0 0 0 0 0 0 0 0 0 0 0 0 0 0 0 0 0 0 0 0 0 0 0 0 0 0 0 0 0 0 0 0 0 0 0 0 0 0 0 0 0 0 0 0 0 0 0 0 0 0 0 0 0 0 0 0 0 0 0 0 0 0 0 0 0 0 0 0 0 0 0 0 0 0 0 0 0 0 0 0 0 0 0 0 0 0 0 0 0 0 0 0 0 0 0 0 0 0 0 0 0 0 0 0 0 0 0 0 0 0 0 0 0 0 0 0 0 0 0 0 0 0 0 0 0 0 0 0 0 0 0 0 0 0 0 0 0 0 0 0 0 0 0 0 0 0 0 0 0 0 0 0 0 0 0 0 0 0 0 0 0 0 0 0 0 0 0 0 0 0 0 0 0 0 0 0 0 0 0 0 0 0 0 0 0 0 0 0 0 0 0 0 0 0 0 0
f16_coeffs: -8063 -2344 0 -257 0 -90 0 -44 3 -24 0 -14 0 -7 0 -3 -2342 0 0 0 0 0 0 0 0 0 0 0 0 0 0 0 0 0 0 0 0 0 0 0 0 0 0 0 0 0 0 0 -260 0 0 0 0 0 0 0 0 0 0 0 0 0 0 0 0 0 0 0 0 0 0 0 0 0 0 0 0 0 0 0 -90 0 0 0 0 0 0 0 0 0 0 0 0 0 0 0 0 0 0 0 0 0 0 0 0 0 0 0 0 0 0 0 -45 0 0 0 0 0 0 0 0 0 0 0 0 0 0 0 0 0 0 0 0 0 0 0 0 0 0 0 0 0 0 0 -23 0 0 0 0 0 0 0 0 0 0 0 0 0 0 0 0 0 0 0 0 0 0 0 0 0 0 0 0 0 0 0 -11 0 0 0 0 0 0 0 0 0 0 0 0 0 0 0 0 0 0 0 0 0 0 0 0 0 0 0 0 0 0 0 -11 0 0 0 0 0 0 0 0 0 0 0 0 0 0 0 0 0 0 0 0 0 0 0 0 0 0 0 0 0 0 0 0 0 0 0 0 0 0 0 0 0 0 0 0 0 0 0 2849 -1605 56 -181 9 -66 8 -29 6 -30 -12 -4 -8 -4 3 4 -424 303 -48 25 -15 9 -1 6 -4 -4 -7 9 -7 1 0 1 300 -183 -3 -6 1 0 0 0 1 6 5 -1 5 1 1 -1 -169 59 36 -7 4 -1 1 -1 1 -3 0 -3 -1 2 0 2 83 4 -40 -1 -4 -1 2 -1 0 1 2 5 2 1 2 1 -44 -15 16 10 0 1 -3 0 -1 2 -2 -3 0 2 3 -1 32 6 1 -13 -2 0 1 -2 1 0 1 1 1 1 0 2 -25 -2 -7 5 2 0 1 -1 2 1 1 1 0 0 1 -1 21 0 2 1 -1 0 1 0 0 0 -1 -1 1 1 -1 -2 -9 -2 0 -4 1 1 2 0 -1 0 1 3 0 1 0 0 9 1 -1 2 0 0 -1 0 1 1 -1 0 -2 1 0 1 -4 0 -2 -2 1 1 0 1 1 -1 1 2 3 0 5 -1 6 -1 0 0 0 0 -1 -1 0 -1 2 -1 0 -3 -2 2 -2 -1 -2 1 0 2 0 1 -1 0 0 1 1 2 2 1 4 2 -2 0 0 -2 0 2 -1 -2 0 1 -1 -2 -2 -3 -1 1 0 -1 -1 1 0 -1 1 0 0 0 2 -1 0 1 -8190 0 0 0 0 0 0 0 0 0 0 0 0 0 0 0 0 0 0 0 0 0 0 0 0 0 0 0 0 0 0 0 0 0 0 0 0 0 0 0 0 0 0 0 0 0 0 0 0 0 0 0 0 0 0 0 0 0 0 0 0 0 0 0 0 0 0 0 0 0 0 0 0 0 0 0 0 0 0 0 0 0 0 0 0 0 0 0 0 0 0 0 0 0 0 0 0 0 0 0 0 0 0 0 0 0 0 0 0 0 0 0 0 0 0 0 0 0 0 0 0 0 0 0 0 0 0 0 0 0 0 0 0 0 0 0 0 0 0 0 0 0 0 0 0 0 0 0 0 0 0 0 0 0 0 0 0 0 0 0 0 0 0 0 0 0 0 0 0 0 0 0 0 0 0 0 0 0 0 0 0 0 0 0 0 0 0 0 0 0 0 0 0 0 0 0 0 0 0 0 0 0 0 0 0 0 0 0 0 0 0 0 0 0 0 0 0 0 0 0 0 0 0 0 0 0 0 0 0 0 0 0 0 0 0 0 0 0 0 0 0 0 0 0 0 0 0 0 0 0 0 0 0 0 0 0 0 0 0 0 0 0 0 0 0 0 0 0 0 0 0 0 0 0 0 0 0 0 0 0 0 0 0 0 0 0 0 0 0 0 0 0 0 0 0 0 0 0 0 0 0 0 0 0 0 0 0 0 0 0 0 0 0 0 0 0 0 0 0 0 0 0 0 0 0 0 0 0 0 0 0 0 0 0 0 0 0 0 0 0 0 0 0 0 0 0 0 0 0 0 0 0 0 0 0 0 0 0 0 0 0 0 0 0 0 0 0 0 0 0 0 0 0 0 0 0 0 0 0 0 0 0 0 0 0 0 0 0 0 0 0 0 0 0 0 0 0 0 0 0 0 0 0 0 0 0 0 0 0 0 0 0 0 0 0 0 0 0 0 0 0 0 0 0 0 0 0 0 0 0 0 0 0 0 0 0 0 0 0 0 0 0 0 0 0 0 0 0 0 0 0 0 0 0 0 0 0 0 0 0 0 0 0 0 0 0 0 0 0 0 0 0 0 0 0 0 0 0 0 0 0 0 0 0 0 0 0 0 0 0 0 0 0 0 0 0 0 0 0 0 0 0 0 0 0 0 0 0 0 0 0 0
f16q_modes: 1 7 2 2
f16q_recon: 5 8 12 17 21 24 28 32 37 41 45 48 52 57 61 64 71 74 78 84 87 90 94 98 101 105 109 111 115 120 125 129 8 11 15 20 23 27 30 35 40 44 48 51 55 60 64 67 73 76 82 87 90 93 97 101 105 109 112 115 119 124 129 133 12 15 19 24 28 31 35 39 44 48 52 56 59 64 68 71 76 80 85 90 93 97 100 104 108 112 115 118 122 128 132 136 17 20 24 28 32 36 39 44 48 53 57 60 64 68 73 75 80 83 88 93 97 100 103 107 111 115 118 122 126 131 135 140 21 23 28 32 36 39 43 47 52 57 60 64 68 72 76 79 83 87 92 97 100 104 107 111 116 120 123 126 130 135 139 142 24 27 31 35 39 43 46 51 56 60 64 67 71 75 80 83 87 91 96 101 104 109 112 116 120 124 127 130 133 138 143 147 28 30 35 39 43 46 50 54 59 64 67 71 75 79 83 86 92 95 100 105 110 113 117 121 124 129 131 134 138 143 148 152 32 35 39 44 47 51 55 59 64 68 72 75 79 84 88 91 95 100 105 110 114 117 121 124 128 132 136 139 143 148 153 157 37 40 44 49 52 56 59 64 69 73 77 80 84 88 93 96 99 103 108 114 117 121 124 128 132 137 141 144 148 153 158 161 41 44 49 53 57 60 64 68 73 78 81 85 88 93 97 100 102 106 112 116 120 124 128 133 137 142 146 149 152 157 161 164 45 48 52 57 61 64 68 72 77 81 85 88 92 97 101 104 105 109 114 120 123 128 132 137 142 146 149 152 155 160 164 166 48 51 56 60 64 67 71 75 80 85 88 92 95 100 104 107 109 112 118 124 128 133 137 142 146 150 153 156 159 163 167 169 52 55 59 64 68 71 75 79 84 88 92 96 99 104 108 111 114 118 124 130 134 138 142 145 150 154 157 159 163 167 171 173 57 60 64 68 72 76 79 84 88 93 97 100 104 108 113 115 120 124 130 134 138 142 145 149 153 157 160 163 167 171 175 178 61 64 68 73 76 80 83 88 93 97 101 104 108 113 117 120 125 129 133 138 142 145 148 152 157 161 164 167 170 175 179 182 64 67 71 75 79 83 86 91 96 100 104 107 111 115 120 122 128 131 135 140 143 146 150 154 158 163 166 169 173 177 181 184 0 0 0 0 0 0 0 0 0 0 0 0 0 0 0 0 0 0 0 0 0 0 0 0 0 0 0 0 0 0 0 0 0 0 0 0 0 0 0 0 0 0 0 0 0 0 0 0 0 0 0 0 0 0 0 0 0 0 0 0 0 0 0 0 0 0 0 0 0 0 0 0 0 0 0 0 0 0 0 0 0 0 0 0 0 0 0 0 0 0 0 0 0 0 0 0 0 0 0 0 0 0 0 0 0 0 0 0 0 0 0 0 0 0 0 0 0 0 0 0 0 0 0 0 0 0 0 0 0 0 0 0 0 0 0 0 0 0 0 0 0 0 0 0 0 0 0 0 0 0 0 0 0 0 0 0 0 0 0 0 0 0 0 0 0 0 0 0 0 0 0 0 0 0 0 0 0 0 0 0 0 0 0 0 0 0 0 0 0 0 0 0 0 0 0 0 0 0 0 0 0 0 0 0 0 0 0 0 0 0 0 0 0 0 0 0 0 0 0 0 0 0 0 0 0 0 0 0 0 0 0 0 0 0 0 0 0 0 0 0 0 0 0 0 0 0 0 0 0 0 0 0 0 0 0 0 0 0 0 0 0 0 0 0 0 0 0 0 0 0 0 0 0 0 0 0 0 0 0 0 0 0 0 0 0 0 0 0 0 0 0 0 0 0 0 0 0 0 0 0 0 0 0 0 0 0 0 0 0 0 0 0 0 0 0 0 0 0 0 0 0 0 0 0 0 0 0 0 0 0 0 0 0 0 0 0 0 0 0 0 0 0 0 0 0 0 0 0 0 0 0 0 0 0 0 0 0 0 0 0 0 0 0 0 0 0 0 0 0 0 0 0 0 0 0 0 0 0 0 0 0 0 0 0 0 0 0 0 0 0 0 0 0 0 0 0 0 0 0 0 0 0 0 0 0 0 0 0 0 0 0 0 0 0 0 0 0 0 0 0 0 0 0 0 0 0 0 0 0 0 0 0 0 0 0 0 0 0 0 0 0 0 0 0 0 0 0 0 0 0 0 0 0 0 0 0 0 0 0 0 0 0 0 0 0 0 0 0 0 0 0 0 0 0 0 0 0 0 0 0 0 0 0 0 0 0 0 0 0 0 0 0 0 0 0 0 0 0 0 0 0 0 0 0 0 0 0 0 0 0 0 0
f16q_coeffs: -87 -21 0 -2 0 -1 0 0 0 0 0 0 0 0 0 0 -21 0 0 0 0 0 0 0 0 0 0 0 0 0 0 0 0 0 0 0 0 0 0 0 0 0 0 0 0 0 0 0 -2 0 0 0 0 0 0 0 0 0 0 0 0 0 0 0 0 0 0 0 0 0 0 0 0 0 0 0 0 0 0 0 -1 0 0 0 0 0 0 0 0 0 0 0 0 0 0 0 0 0 0 0 0 0 0 0 0 0 0 0 0 0 0 0 0 0 0 0 0 0 0 0 0 0 0 0 0 0 0 0 0 0 0 0 0 0 0 0 0 0 0 0 0 0 0 0 0 0 0 0 0 0 0 0 0 0 0 0 0 0 0 0 0 0 0 0 0 0 0 0 0 0 0 0 0 0 0 0 0 0 0 0 0 0 0 0 0 0 0 0 0 0 0 0 0 0 0 0 0 0 0 0 0 0 0 0 0 0 0 0 0 0 0 0 0 0 0 0 0 0 0 0 0 0 0 0 0 0 0 0 0 0 0 0 0 0 0 0 0 0 0 0 0 0 0 0 0 0 0 0 0 0 0 0 0 0 0 0 32 -14 0 -2 0 -1 0 0 0 0 0 0 0 0 0 0 -4 3 0 0 0 0 0 0 0 0 0 0 0 0 0 0 3 -1 0 0 0 0 0 0 0 0 0 0 0 0 0 0 -1 0 0 0 0 0 0 0 0 0 0 0 0 0 0 0 1 0 0 0 0 0 0 0 0 0 0 0 0 0 0 0 0 0 0 0 0 0 0 0 0 0 0 0 0 0 0 0 0 0 0 0 0 0 0 0 0 0 0 0 0 0 0 0 0 0 0 0 0 0 0 0 0 0 0 0 0 0 0 0 0 0 0 0 0 0 0 0 0 0 0 0 0 0 0 0 0 0 0 0 0 0 0 0 0 0 0 0 0 0 0 0 0 0 0 0 0 0 0 0 0 0 0 0 0 0 0 0 0 0 0 0 0 0 0 0 0 0 0 0 0 0 0 0 0 0 0 0 0 0 0 0 0 0 0 0 0 0 0 0 0 0 0 0 0 0 0 0 0 0 0 0 0 0 0 0 0 0 0 0 0 0 0 0 0 0 0 0 0 0 0 0 0 0 0 0 0 0 0 0 0 0 0 0 0 0 0 0 -88 0 0 0 0 0 0 0 0 0 0 0 0 0 0 0 0 0 0 0 0 0 0 0 0 0 0 0 0 0 0 0 0 0 0 0 0 0 0 0 0 0 0 0 0 0 0 0 0 0 0 0 0 0 0 0 0 0 0 0 0 0 0 0 0 0 0 0 0 0 0 0 0 0 0 0 0 0 0 0 0 0 0 0 0 0 0 0 0 0 0 0 0 0 0 0 0 0 0 0 0 0 0 0 0 0 0 0 0 0 0 0 0 0 0 0 0 0 0 0 0 0 0 0 0 0 0 0 0 0 0 0 0 0 0 0 0 0 0 0 0 0 0 0 0 0 0 0 0 0 0 0 0 0 0 0 0 0 0 0 0 0 0 0 0 0 0 0 0 0 0 0 0 0 0 0 0 0 0 0 0 0 0 0 0 0 0 0 0 0 0 0 0 0 0 0 0 0 0 0 0 0 0 0 0 0 0 0 0 0 0 0 0 0 0 0 0 0 0 0 0 0 0 0 0 0 0 0 0 0 0 0 0 0 0 0 0 0 0 0 0 0 0 0 0 0 0 0 0 0 0 0 0 0 0 0 0 0 0 0 0 0 0 0 0 0 0 0 0 0 0 0 0 0 0 0 0 0 0 0 0 0 0 0 0 0 0 0 0 0 0 0 0 0 0 0 0 0 0 0 0 0 0 0 0 0 0 0 0 0 0 0 0 0 0 0 0 0 0 0 0 0 0 0 0 0 0 0 0 0 0 0 0 0 0 0 0 0 0 0 0 0 0 0 0 0 0 0 0 0 0 0 0 0 0 0 0 0 0 0 0 0 0 0 0 0 0 0 0 0 0 0 0 0 0 0 0 0 0 0 0 0 0 0 0 0 0 0 0 0 0 0 0 0 0 0 0 0 0 0 0 0 0 0 0 0 0 0 0 0 0 0 0 0 0 0 0 0 0 0 0 0 0 0 0 0 0 0 0 0 0 0 0 0 0 0 0 0 0 0 0 0 0 0 0 0 0 0 0 0 0 0 0 0 0 0 0 0 0 0 0 0 0 0 0 0 0 0 0 0 0 0 0 0 0 0 0 0 0 0 0 0 0 0 0 0 0 0 0 0 0 0 0 0 0 0 0 0 0 0 0 0 0 0 0 0 0 0 0 0 0 0
f16v_recon: 4 8 12 16 20 24 28 32 36 40 44 48 52 56 60 64 68 72 76 80 84 88 92 96 100 104 108 112 116 120 124 128 8 12 16 20 24 28 32 36 40 44 48 52 56 60 64 68 72 76 80 84 88 92 96 100 104 108 112 116 120 124 128 132 12 16 20 24 28 32 36 40 44 48 52 56 60 64 68 72 76 80 84 88 92 96 100 104 108 112 116 120 124 128 132 136 16 20 24 28 32 36 40 44 48 52 56 60 64 68 72 76 80 84 88 92 96 100 104 108 112 116 120 124 128 132 136 140 20 24 28 32 36 40 44 48 52 56 60 64 68 72 76 80 84 88 92 96 100 104 108 112 116 120 124 128 132 136 140 144 24 28 32 36 40 44 48 52 56 60 64 68 72 76 80 84 88 92 96 100 104 108 112 116 120 124 128 132 136 140 144 148 28 32 36 40 44 48 52 56 60 64 68 72 76 80 84 88 92 96 100 104 108 112 116 120 124 128 132 136 140 144 148 152 32 36 40 44 48 52 56 60 64 68 72 76 80 84 88 92 96 100 104 108 112 116 120 124 128 132 136 140 144 148 152 156 36 40 44 48 52 56 60 64 68 72 76 80 84 88 92 96 100 104 108 112 116 120 124 128 132 136 140 144 148 152 156 160 40 44 48 52 56 60 64 68 72 76 80 84 88 92 96 100 104 108 112 116 120 124 128 132 136 140 144 148 152 156 160 164 44 48 52 56 60 64 68 72 76 80 84 88 92 96 100 104 108 112 116 120 124 128 132 136 140 144 148 152 156 160 164 168 48 52 56 60 64 68 72 76 80 84 88 92 96 100 104 108 112 116 120 124 128 132 136 140 144 148 152 156 160 164 168 172 52 56 60 64 68 72 76 80 84 88 92 96 100 104 108 112 116 120 124 128 132 136 140 144 148 152 156 160 164 168 172 176 56 60 64 68 72 76 80 84 88 92 96 100 104 108 112 116 120 124 128 132 136 140 144 148 152 156 160 164 168 172 176 180 60 64 68 72 76 80 84 88 92 96 100 104 108 112 116 120 124 128 132 136 140 144 148 152 156 160 164 168 172 176 180 184 64 68 72 76 80 84 88 92 96 100 104 108 112 116 120 124 128 132 136 140 144 148 152 156 160 164 168 172 176 180 184 188 0 0 0 0 0 0 0 0 0 0 0 0 0 0 0 0 0 0 0 0 0 0 0 0 0 0 0 0 0 0 0 0 0 0 0 0 0 0 0 0 0 0 0 0 0 0 0 0 0 0 0 0 0 0 0 0 0 0 0 0 0 0 0 0 0 0 0 0 0 0 0 0 0 0 0 0 0 0 0 0 0 0 0 0 0 0 0 0 0 0 0 0 0 0 0 0 0 0 0 0 0 0 0 0 0 0 0 0 0 0 0 0 0 0 0 0 0 0 0 0 0 0 0 0 0 0 0 0 0 0 0 0 0 0 0 0 0 0 0 0 0 0 0 0 0 0 0 0 0 0 0 0 0 0 0 0 0 0 0 0 0 0 0 0 0 0 0 0 0 0 0 0 0 0 0 0 0 0 0 0 0 0 0 0 0 0 0 0 0 0 0 0 0 0 0 0 0 0 0 0 0 0 0 0 0 0 0 0 0 0 0 0 0 0 0 0 0 0 0 0 0 0 0 0 0 0 0 0 0 0 0 0 0 0 0 0 0 0 0 0 0 0 0 0 0 0 0 0 0 0 0 0 0 0 0 0 0 0 0 0 0 0 0 0 0 0 0 0 0 0 0 0 0 0 0 0 0 0 0 0 0 0 0 0 0 0 0 0 0 0 0 0 0 0 0 0 0 0 0 0 0 0 0 0 0 0 0 0 0 0 0 0 0 0 0 0 0 0 0 0 0 0 0 0 0 0 0 0 0 0 0 0 0 0 0 0 0 0 0 0 0 0 0 0 0 0 0 0 0 0 0 0 0 0 0 0 0 0 0 0 0 0 0 0 0 0 0 0 0 0 0 0 0 0 0 0 0 0 0 0 0 0 0 0 0 0 0 0 0 0 0 0 0 0 0 0 0 0 0 0 0 0 0 0 0 0 0 0 0 0 0 0 0 0 0 0 0 0 0 0 0 0 0 0 0 0 0 0 0 0 0 0 0 0 0 0 0 0 0 0 0 0 0 0 0 0 0 0 0 0 0 0 0 0 0 0 0 0 0 0 0 0 0 0 0 0 0 0 0 0 0 0 0 0 0 0 0 0 0 0 0 0 0 0 0 0 0 0 0 0 0 0 0 0 0 0 0 0 0 0 0 0 0 0 0 0 0 0 0 0 0 0
f16v_coeffs: -8063 -2344 0 -257 0 -90 0 -44 3 -24 0 -14 0 -7 0 -3 -2342 0 0 0 0 0 0 0 0 0 0 0 0 0 0 0 0 0 0 0 0 0 0 0 0 0 0 0 0 0 0 0 -260 0 0 0 0 0 0 0 0 0 0 0 0 0 0 0 0 0 0 0 0 0 0 0 0 0 0 0 0 0 0 0 -90 0 0 0 0 0 0 0 0 0 0 0 0 0 0 0 0 0 0 0 0 0 0 0 0 0 0 0 0 0 0 0 -45 0 0 0 0 0 0 0 0 0 0 0 0 0 0 0 0 0 0 0 0 0 0 0 0 0 0 0 0 0 0 0 -23 0 0 0 0 0 0 0 0 0 0 0 0 0 0 0 0 0 0 0 0 0 0 0 0 0 0 0 0 0 0 0 -11 0 0 0 0 0 0 0 0 0 0 0 0 0 0 0 0 0 0 0 0 0 0 0 0 0 0 0 0 0 0 0 -11 0 0 0 0 0 0 0 0 0 0 0 0 0 0 0 0 0 0 0 0 0 0 0 0 0 0 0 0 0 0 0 0 0 0 0 0 0 0 0 0 0 0 0 0 0 0 0 8193 -2344 0 -257 0 -90 0 -44 3 -24 0 -14 0 -7 0 -3 -2342 0 0 0 0 0 0 0 0 0 0 0 0 0 0 0 0 0 0 0 0 0 0 0 0 0 0 0 0 0 0 0 -260 0 0 0 0 0 0 0 0 0 0 0 0 0 0 0 0 0 0 0 0 0 0 0 0 0 0 0 0 0 0 0 -90 0 0 0 0 0 0 0 0 0 0 0 0 0 0 0 0 0 0 0 0 0 0 0 0 0 0 0 0 0 0 0 -45 0 0 0 0 0 0 0 0 0 0 0 0 0 0 0 0 0 0 0 0 0 0 0 0 0 0 0 0 0 0 0 -23 0 0 0 0 0 0 0 0 0 0 0 0 0 0 0 0 0 0 0 0 0 0 0 0 0 0 0 0 0 0 0 -11 0 0 0 0 0 0 0 0 0 0 0 0 0 0 0 0 0 0 0 0 0 0 0 0 0 0 0 0 0 0 0 -11 0 0 0 0 0 0 0 0 0 0 0 0 0 0 0 0 0 0 0 0 0 0 0 0 0 0 0 0 0 0 0 0 0 0 0 0 0 0 0 0 0 0 0 0 0 0 0 -12031 2344 0 257 0 90 0 45 0 23 0 13 0 6 0 1 0 0 0 0 0 0 0 0 0 0 0 0 0 0 0 0 0 0 0 0 0 0 0 0 0 0 0 0 0 0 0 0 0 0 0 0 0 0 0 0 0 0 0 0 0 0 0 0 0 0 0 0 0 0 0 0 0 0 0 0 0 0 0 0 0 0 0 0 0 0 0 0 0 0 0 0 0 0 0 0 0 0 0 0 0 0 0 0 0 0 0 0 0 0 0 0 0 0 0 0 0 0 0 0 0 0 0 0 0 0 0 0 0 0 0 0 0 0 0 0 0 0 0 0 0 0 0 0 0 0 0 0 0 0 0 0 0 0 0 0 0 0 0 0 0 0 0 0 0 0 0 0 0 0 0 0 0 0 0 0 0 0 0 0 0 0 0 0 0 0 0 0 0 0 0 0 0 0 0 0 0 0 0 0 0 0 0 0 0 0 0 0 0 0 0 0 0 0 0 0 0 0 0 0 0 0 0 0 0 0 0 0 0 0 0 0 0 0 0 0 0 0 0 0 0 0 0 0 0 0 0 0 0 0 0 0 0 0 0 0 -20221 2344 0 257 0 90 0 45 0 23 0 13 0 6 0 1 0 0 0 0 0 0 0 0 0 0 0 0 0 0 0 0 0 0 0 0 0 0 0 0 0 0 0 0 0 0 0 0 0 0 0 0 0 0 0 0 0 0 0 0 0 0 0 0 0 0 0 0 0 0 0 0 0 0 0 0 0 0 0 0 0 0 0 0 0 0 0 0 0 0 0 0 0 0 0 0 0 0 0 0 0 0 0 0 0 0 0 0 0 0 0 0 0 0 0 0 0 0 0 0 0 0 0 0 0 0 0 0 0 0 0 0 0 0 0 0 0 0 0 0 0 0 0 0 0 0 0 0 0 0 0 0 0 0 0 0 0 0 0 0 0 0 0 0 0 0 0 0 0 0 0 0 0 0 0 0 0 0 0 0 0 0 0 0 0 0 0 0 0 0 0 0 0 0 0 0 0 0 0 0 0 0 0 0 0 0 0 0 0 0 0 0 0 0 0 0 0 0 0 0 0 0 0 0 0 0 0 0 0 0 0 0 0 0 0 0 0 0 0 0 0 0 0 0 0 0 0 0 0 0 0 0 0 0 0 0
f16vq_recon: 5 8 12 17 21 24 28 32 37 41 45 48 52 57 61 64 69 72 76 81 85 88 92 96 101 106 109 113 116 121 125 128 8 11 15 20 23 27 30 35 40 44 48 51 55 60 64 67 72 75 79 84 88 91 95 99 104 108 112 115 119 124 128 131 12 15 19 24 28 31 35 39 44 48 52 56 59 64 68 71 76 79 83 88 92 95 99 103 108 113 116 120 123 128 132 135 17 20 24 28 32 36 39 44 48 53 57 60 64 68 73 75 81 84 88 92 96 100 103 108 113 117 121 124 128 132 137 140 21 23 28 32 36 39 43 47 52 57 60 64 68 72 76 79 85 87 92 96 100 103 107 112 116 121 125 128 132 136 141 143 24 27 31 35 39 43 46 51 56 60 64 67 71 75 80 83 88 91 95 100 103 107 110 115 120 124 128 131 135 140 144 147 28 30 35 39 43 46 50 54 59 64 67 71 75 79 83 86 92 94 99 103 107 110 114 119 123 128 132 135 139 143 148 150 32 35 39 44 47 51 55 59 64 68 72 75 79 84 88 91 96 99 103 108 112 115 119 123 128 132 136 139 143 148 152 155 37 40 44 49 52 56 59 64 69 73 77 80 84 88 93 96 101 104 108 113 116 120 124 128 133 137 141 144 148 153 157 160 41 44 49 53 57 60 64 68 73 78 81 85 88 93 97 100 106 108 113 117 121 124 128 132 137 142 145 149 153 157 161 164 45 48 52 57 61 64 68 72 77 81 85 88 92 97 101 104 109 112 116 121 125 128 132 136 141 145 149 153 156 161 165 168 48 51 56 60 64 67 71 75 80 85 88 92 95 100 104 107 113 115 120 124 128 131 135 139 144 149 152 156 160 164 168 171 52 55 59 64 68 71 75 79 84 88 92 96 99 104 108 111 116 119 123 128 132 135 139 143 148 153 156 160 163 168 172 175 57 60 64 68 72 76 79 84 88 93 97 100 104 108 113 115 121 124 128 132 136 140 143 148 153 157 161 164 168 172 177 180 61 64 68 73 76 80 83 88 93 97 101 104 108 113 117 120 125 128 132 137 141 144 148 152 157 161 165 168 172 177 181 184 64 67 71 75 79 83 86 91 96 100 104 107 111 115 120 122 128 131 135 140 143 147 150 155 160 164 168 171 175 179 184 187 0 1 0 0 0 1 0 0 1 0 0 0 0 0 0 0 0 1 0 1 0 1 0 1 1 0 1 0 0 0 1 1 0 1 0 0 0 1 0 0 1 0 0 0 0 0 0 0 0 1 0 1 0 1 0 1 1 0 1 0 0 0 1 1 0 1 0 0 0 1 0 0 1 0 0 0 0 0 0 0 0 1 0 1 0 1 0 1 1 0 1 0 0 0 1 1 0 1 0 0 0 1 0 0 1 0 0 0 0 0 0 0 0 1 0 1 0 1 0 1 1 0 1 0 0 0 1 1 0 1 0 0 0 1 0 0 1 0 0 0 0 0 0 0 0 1 0 1 0 1 0 1 1 0 1 0 0 0 1 1 0 1 0 0 0 1 0 0 1 0 0 0 0 0 0 0 0 1 0 1 0 1 0 1 1 0 1 0 0 0 1 1 0 1 0 0 0 1 0 0 1 0 0 0 0 0 0 0 0 1 0 1 0 1 0 1 1 0 1 0 0 0 1 1 0 1 0 0 0 1 0 0 1 0 0 0 0 0 0 0 0 1 0 1 0 1 0 1 1 0 1 0 0 0 1 1 0 1 0 0 0 1 0 0 1 0 0 0 0 0 0 0 0 1 0 1 0 1 0 1 1 0 1 0 0 0 1 1 0 1 0 0 0 1 0 0 1 0 0 0 0 0 0 0 0 1 0 1 0 1 0 1 1 0 1 0 0 0 1 1 0 1 0 0 0 1 0 0 1 0 0 0 0 0 0 0 0 1 0 1 0 1 0 1 1 0 1 0 0 0 1 1 0 1 0 0 0 1 0 0 1 0 0 0 0 0 0 0 0 1 0 1 0 1 0 1 1 0 1 0 0 0 1 1 0 1 0 0 0 1 0 0 1 0 0 0 0 0 0 0 0 1 0 1 0 1 0 1 1 0 1 0 0 0 1 1 0 1 0 0 0 1 0 0 1 0 0 0 0 0 0 0 0 1 0 1 0 1 0 1 1 0 1 0 0 0 1 1 0 1 0 0 0 1 0 0 1 0 0 0 0 0 0 0 0 1 0 1 0 1 0 1 1 0 1 0 0 0 1 1 0 1 0 0 0 1 0 0 1 0 0 0 0 0 0 0 0 1 0 1 0 1 0 1 1 0 1 0 0 0 1 1
f16vq_coeffs: -87 -21 0 -2 0 -1 0 0 0 0 0 0 0 0 0 0 -21 0 0 0 0 0 0 0 0 0 0 0 0 0 0 0 0 0 0 0 0 0 0 0 0 0 0 0 0 0 0 0 -2 0 0 0 0 0 0 0 0 0 0 0 0 0 0 0 0 0 0 0 0 0 0 0 0 0 0 0 0 0 0 0 -1 0 0 0 0 0 0 0 0 0 0 0 0 0 0 0 0 0 0 0 0 0 0 0 0 0 0 0 0 0 0 0 0 0 0 0 0 0 0 0 0 0 0 0 0 0 0 0 0 0 0 0 0 0 0 0 0 0 0 0 0 0 0 0 0 0 0 0 0 0 0 0 0 0 0 0 0 0 0 0 0 0 0 0 0 0 0 0 0 0 0 0 0 0 0 0 0 0 0 0 0 0 0 0 0 0 0 0 0 0 0 0 0 0 0 0 0 0 0 0 0 0 0 0 0 0 0 0 0 0 0 0 0 0 0 0 0 0 0 0 0 0 0 0 0 0 0 0 0 0 0 0 0 0 0 0 0 0 0 0 0 0 0 0 0 0 0 0 0 0 0 0 0 0 0 0 88 -21 0 -2 0 -1 0 0 0 0 0 0 0 0 0 0 -21 0 0 0 0 0 0 0 0 0 0 0 0 0 0 0 0 0 0 0 0 0 0 0 0 0 0 0 0 0 0 0 -2 0 0 0 0 0 0 0 0 0 0 0 0 0 0 0 0 0 0 0 0 0 0 0 0 0 0 0 0 0 0 0 -1 0 0 0 0 0 0 0 0 0 0 0 0 0 0 0 0 0 0 0 0 0 0 0 0 0 0 0 0 0 0 0 0 0 0 0 0 0 0 0 0 0 0 0 0 0 0 0 0 0 0 0 0 0 0 0 0 0 0 0 0 0 0 0 0 0 0 0 0 0 0 0 0 0 0 0 0 0 0 0 0 0 0 0 0 0 0 0 0 0 0 0 0 0 0 0 0 0 0 0 0 0 0 0 0 0 0 0 0 0 0 0 0 0 0 0 0 0 0 0 0 0 0 0 0 0 0 0 0 0 0 0 0 0 0 0 0 0 0 0 0 0 0 0 0 0 0 0 0 0 0 0 0 0 0 0 0 0 0 0 0 0 0 0 0 0 0 0 0 0 0 0 0 0 0 0 -128 21 0 2 0 1 0 0 0 0 0 0 0 0 0 0 0 0 0 0 0 0 0 0 0 0 0 0 0 0 0 0 0 0 0 0 0 0 0 0 0 0 0 0 0 0 0 0 0 0 0 0 0 0 0 0 0 0 0 0 0 0 0 0 0 0 0 0 0 0 0 0 0 0 0 0 0 0 0 0 0 0 0 0 0 0 0 0 0 0 0 0 0 0 0 0 0 0 0 0 0 0 0 0 0 0 0 0 0 0 0 0 0 0 0 0 0 0 0 0 0 0 0 0 0 0 0 0 0 0 0 0 0 0 0 0 0 0 0 0 0 0 0 0 0 0 0 0 0 0 0 0 0 0 0 0 0 0 0 0 0 0 0 0 0 0 0 0 0 0 0 0 0 0 0 0 0 0 0 0 0 0 0 0 0 0 0 0 0 0 0 0 0 0 0 0 0 0 0 0 0 0 0 0 0 0 0 0 0 0 0 0 0 0 0 0 0 0 0 0 0 0 0 0 0 0 0 0 0 0 0 0 0 0 0 0 0 0 0 0 0 0 0 0 0 0 0 0 0 0 0 0 0 0 0 0 -216 21 0 2 0 1 0 0 0 0 0 0 0 0 0 0 0 0 0 0 0 0 0 0 0 0 0 0 0 0 0 0 0 0 0 0 0 0 0 0 0 0 0 0 0 0 0 0 0 0 0 0 0 0 0 0 0 0 0 0 0 0 0 0 0 0 0 0 0 0 0 0 0 0 0 0 0 0 0 0 0 0 0 0 0 0 0 0 0 0 0 0 0 0 0 0 0 0 0 0 0 0 0 0 0 0 0 0 0 0 0 0 0 0 0 0 0 0 0 0 0 0 0 0 0 0 0 0 0 0 0 0 0 0 0 0 0 0 0 0 0 0 0 0 0 0 0 0 0 0 0 0 0 0 0 0 0 0 0 0 0 0 0 0 0 0 0 0 0 0 0 0 0 0 0 0 0 0 0 0 0 0 0 0 0 0 0 0 0 0 0 0 0 0 0 0 0 0 0 0 0 0 0 0 0 0 0 0 0 0 0 0 0 0 0 0 0 0 0 0 0 0 0 0 0 0 0 0 0 0 0 0 0 0 0 0 0 0 0 0 0 0 0 0 0 0 0 0 0 0 0 0 0 0 0 0
